0 NONE 0;-32767 0;0
1 KEY_A 0;0 0;0
814 NONE 0;32767 0;0
815 NONE 0;32767 0;0
816 NONE 0;32767 0;0
817 NONE 0;32767 0;0
818 NONE 0;32767 0;0
819 NONE 0;32767 0;0
820 NONE 0;32767 0;0
821 NONE 0;32767 0;0
822 NONE 0;32767 0;0
823 NONE 0;32767 0;0
824 NONE 0;32767 0;0
825 NONE 0;32767 0;0
826 NONE 0;32767 0;0
827 NONE 0;32767 0;0
828 NONE 0;32767 0;0
829 NONE 0;32767 0;0
830 NONE 0;32767 0;0
831 NONE 0;32767 0;0
832 NONE 0;32767 0;0
833 NONE 0;32767 0;0
834 NONE 0;32767 0;0
835 NONE 0;32767 0;0
836 NONE 0;32767 0;0
837 NONE 0;32767 0;0
838 NONE 0;32767 0;0
839 NONE 0;32767 0;0
840 NONE 0;32767 0;0
841 NONE 0;32767 0;0
842 NONE 0;32767 0;0
843 NONE 0;32767 0;0
844 NONE 0;32767 0;0
845 NONE 0;32767 0;0
846 NONE 0;32767 0;0
847 NONE 0;32767 0;0
848 NONE 0;32767 0;0
849 NONE 0;32767 0;0
850 NONE 0;32767 0;0
851 NONE 0;32767 0;0
852 NONE 0;32767 0;0
853 NONE 0;32767 0;0
854 NONE 0;32767 0;0
855 NONE 0;32767 0;0
856 NONE 0;32767 0;0
857 NONE 0;32767 0;0
858 NONE 0;32767 0;0
859 NONE 0;32767 0;0
860 NONE 0;32767 0;0
861 NONE 0;32767 0;0
862 NONE 0;32767 0;0
863 NONE 0;32767 0;0
864 NONE 0;32767 0;0
865 NONE 0;32767 0;0
866 NONE 0;32767 0;0
867 NONE 0;32767 0;0
868 NONE 0;32767 0;0
869 NONE 0;32767 0;0
870 NONE 0;32767 0;0
871 NONE 0;32767 0;0
872 NONE 0;32767 0;0
873 NONE 0;32767 0;0
874 NONE 0;32767 0;0
875 NONE 0;32767 0;0
876 NONE 0;32767 0;0
877 NONE 0;32767 0;0
878 NONE 0;32767 0;0
879 NONE 0;32767 0;0
880 NONE 0;32767 0;0
881 NONE 0;32767 0;0
882 NONE 0;32767 0;0
883 NONE 0;32767 0;0
884 NONE 0;32767 0;0
885 NONE 0;32767 0;0
886 NONE 0;32767 0;0
887 NONE 0;32767 0;0
888 NONE 0;32767 0;0
889 NONE 0;32767 0;0
890 NONE 0;32767 0;0
891 NONE 0;32767 0;0
892 NONE 0;32767 0;0
893 NONE 0;32767 0;0
894 NONE 0;32767 0;0
895 NONE 0;32767 0;0
896 NONE 0;32767 0;0
897 NONE 0;32767 0;0
898 NONE 0;32767 0;0
899 NONE 0;32767 0;0
900 NONE 0;32767 0;0
901 NONE 0;32767 0;0
902 NONE 0;32767 0;0
903 NONE 0;32767 0;0
904 NONE 0;32767 0;0
905 NONE 0;32767 0;0
906 NONE 0;32767 0;0
907 NONE 0;32767 0;0
908 NONE 0;32767 0;0
909 NONE 0;32767 0;0
910 NONE 0;32767 0;0
911 NONE 0;32767 0;0
912 NONE 0;32767 0;0
913 NONE 0;32767 0;0
914 NONE 0;32767 0;0
915 NONE 0;32767 0;0
916 NONE 0;32767 0;0
917 NONE 0;32767 0;0
918 NONE 0;32767 0;0
919 NONE 0;32767 0;0
920 NONE 0;32767 0;0
921 NONE 0;32767 0;0
922 NONE 0;32767 0;0
923 NONE 0;32767 0;0
924 NONE 0;32767 0;0
925 NONE 0;32767 0;0
926 NONE 0;32767 0;0
927 NONE 0;32767 0;0
928 NONE 0;32767 0;0
929 NONE 0;32767 0;0
930 NONE 0;32767 0;0
931 NONE 0;32767 0;0
932 NONE 0;32767 0;0
933 NONE 0;32767 0;0
934 NONE 0;32767 0;0
935 NONE 0;32767 0;0
936 NONE 0;32767 0;0
937 NONE 0;32767 0;0
938 NONE 0;32767 0;0
939 NONE 0;32767 0;0
940 NONE 0;32767 0;0
941 NONE 0;32767 0;0
942 NONE 0;32767 0;0
943 NONE 0;32767 0;0
944 NONE 0;32767 0;0
945 NONE 0;32767 0;0
946 NONE 0;32767 0;0
947 NONE 0;32767 0;0
948 NONE 0;32767 0;0
949 NONE 0;32767 0;0
950 NONE 0;32767 0;0
951 NONE 0;32767 0;0
952 NONE 0;32767 0;0
953 NONE 0;32767 0;0
954 NONE 0;32767 0;0
955 NONE 0;32767 0;0
956 NONE 0;32767 0;0
957 NONE 0;32767 0;0
958 NONE 0;32767 0;0
959 NONE 0;32767 0;0
960 NONE 0;32767 0;0
961 NONE 0;32767 0;0
962 NONE 0;32767 0;0
963 NONE 0;32767 0;0
964 NONE 0;32767 0;0
965 NONE 0;32767 0;0
966 NONE 0;32767 0;0
967 NONE 0;32767 0;0
975 NONE 0;32767 0;0
976 NONE 0;32767 0;0
977 NONE 0;32767 0;0
978 NONE 0;32767 0;0
979 NONE 0;32767 0;0
980 NONE 0;32767 0;0
981 NONE 0;32767 0;0
982 NONE 0;32767 0;0
983 NONE 0;32767 0;0
984 NONE 0;32767 0;0
985 NONE 0;32767 0;0
986 NONE 0;32767 0;0
987 NONE 0;32767 0;0
988 NONE 0;32767 0;0
989 NONE 0;32767 0;0
990 NONE 0;32767 0;0
991 NONE 0;32767 0;0
992 NONE 0;32767 0;0
993 NONE 0;32767 0;0
994 NONE 0;32767 0;0
995 NONE 0;32767 0;0
996 NONE 0;32767 0;0
997 NONE 0;32767 0;0
998 NONE 0;32767 0;0
999 NONE 0;32767 0;0
1000 NONE 0;32767 0;0
1001 NONE 0;32767 0;0
1002 NONE 0;32767 0;0
1003 NONE 0;32767 0;0
1004 NONE 0;32767 0;0
1005 NONE 0;32767 0;0
1006 NONE 0;32767 0;0
1007 NONE 0;32767 0;0
1008 NONE 0;32767 0;0
1009 NONE 0;32767 0;0
1010 NONE 0;32767 0;0
1011 NONE 0;32767 0;0
1012 NONE 0;32767 0;0
1013 NONE 0;32767 0;0
1014 NONE 0;32767 0;0
1015 NONE 0;32767 0;0
1016 NONE 0;32767 0;0
1017 NONE 0;32767 0;0
1018 NONE 0;32767 0;0
1019 NONE 0;32767 0;0
1020 NONE 0;32767 0;0
1021 NONE 0;32767 0;0
1022 NONE 0;32767 0;0
1023 NONE 0;32767 0;0
1024 NONE 0;32767 0;0
1025 NONE 0;32767 0;0
1026 NONE 0;32767 0;0
1027 NONE 0;32767 0;0
1028 NONE 0;32767 0;0
1029 NONE 0;32767 0;0
1030 NONE 0;32767 0;0
1031 NONE 0;32767 0;0
1032 NONE 0;32767 0;0
1033 NONE 0;32767 0;0
1034 NONE 0;32767 0;0
1035 NONE 0;32767 0;0
1036 NONE 0;32767 0;0
1037 NONE 0;32767 0;0
1038 NONE 0;32767 0;0
1039 NONE 0;32767 0;0
1040 NONE 0;32767 0;0
1041 NONE 0;32767 0;0
1042 NONE 0;32767 0;0
1043 NONE 0;32767 0;0
1044 NONE 0;32767 0;0
1045 NONE 0;32767 0;0
1046 NONE 0;32767 0;0
1047 NONE 0;32767 0;0
1048 NONE 0;32767 0;0
1049 NONE 0;32767 0;0
1050 NONE 0;32767 0;0
1051 NONE 0;32767 0;0
1052 NONE 0;32767 0;0
1053 NONE 0;32767 0;0
1054 NONE 0;32767 0;0
1055 NONE 0;32767 0;0
1056 NONE 0;32767 0;0
1057 NONE 0;32767 0;0
1058 NONE 0;32767 0;0
1059 NONE 0;32767 0;0
1060 NONE 0;32767 0;0
1061 NONE 0;32767 0;0
1062 NONE 0;32767 0;0
1063 NONE 0;32767 0;0
1064 NONE 0;32767 0;0
1065 NONE 0;32767 0;0
1066 NONE 0;32767 0;0
1067 NONE 0;32767 0;0
1068 NONE 0;32767 0;0
1069 NONE 0;32767 0;0
1070 NONE 0;32767 0;0
1071 NONE 0;32767 0;0
1072 NONE 0;32767 0;0
1073 NONE 0;32767 0;0
1074 NONE 0;32767 0;0
1075 NONE 0;32767 0;0
1076 NONE 0;32767 0;0
1077 NONE 0;32767 0;0
1078 NONE 0;32767 0;0
1079 NONE 0;32767 0;0
1080 NONE 0;32767 0;0
1081 NONE 0;32767 0;0
1082 NONE 0;32767 0;0
1083 NONE 0;32767 0;0
1084 NONE 0;32767 0;0
1085 NONE 0;32767 0;0
1086 NONE 0;32767 0;0
1087 NONE 0;32767 0;0
1088 NONE 0;32767 0;0
1089 NONE 0;32767 0;0
1090 NONE 0;32767 0;0
1091 NONE 0;32767 0;0
1092 NONE 0;32767 0;0
1093 NONE 0;32767 0;0
1094 NONE 0;32767 0;0
1095 NONE 0;32767 0;0
1096 NONE 0;32767 0;0
1097 NONE 0;32767 0;0
1098 NONE 0;32767 0;0
1099 NONE 0;32767 0;0
1100 NONE 0;32767 0;0
1101 NONE 0;32767 0;0
1102 NONE 0;32767 0;0
1103 NONE 0;32767 0;0
1104 NONE 0;32767 0;0
1105 NONE 0;32767 0;0
1106 NONE 0;32767 0;0
1107 NONE 0;32767 0;0
1108 NONE 0;32767 0;0
1109 NONE 0;32767 0;0
1110 NONE 0;32767 0;0
1111 NONE 0;32767 0;0
1112 NONE 0;32767 0;0
1113 NONE 0;32767 0;0
1114 NONE 0;32767 0;0
1115 NONE 0;32767 0;0
1116 NONE 0;32767 0;0
1117 NONE 0;32767 0;0
1118 NONE 0;32767 0;0
1119 NONE 0;32767 0;0
1120 NONE 0;32767 0;0
1121 NONE 0;32767 0;0
1122 NONE 0;32767 0;0
1123 NONE 0;32767 0;0
1124 NONE 0;32767 0;0
1125 NONE 0;32767 0;0
1126 NONE 0;32767 0;0
1127 NONE 0;32767 0;0
1128 NONE 0;32767 0;0
1129 NONE 0;32767 0;0
1130 NONE 0;32767 0;0
1131 NONE 0;32767 0;0
1132 NONE 0;32767 0;0
1133 NONE 0;32767 0;0
1134 NONE 0;32767 0;0
1135 NONE 0;32767 0;0
1136 NONE 0;32767 0;0
1137 NONE 0;32767 0;0
1138 NONE 0;32767 0;0
1139 NONE 0;32767 0;0
1140 NONE 0;32767 0;0
1141 NONE 0;32767 0;0
1142 NONE 0;32767 0;0
1143 NONE 0;32767 0;0
1144 NONE 0;32767 0;0
1145 NONE 0;32767 0;0
1146 NONE 0;32767 0;0
1147 NONE 0;32767 0;0
1148 NONE 0;32767 0;0
1149 NONE 0;32767 0;0
1150 NONE 0;32767 0;0
1151 NONE 0;32767 0;0
1152 NONE 0;32767 0;0
1153 NONE 0;32767 0;0
1154 NONE 0;32767 0;0
1155 NONE 0;32767 0;0
1156 NONE 0;32767 0;0
1157 NONE 0;32767 0;0
1158 NONE 0;32767 0;0
1159 NONE 0;32767 0;0
1160 NONE 0;32767 0;0
1161 NONE 0;32767 0;0
1162 NONE 0;32767 0;0
1163 NONE 0;32767 0;0
1164 NONE 0;32767 0;0
1165 NONE 0;32767 0;0
1166 NONE 0;32767 0;0
1167 NONE 0;32767 0;0
1168 NONE 0;32767 0;0
1169 NONE 0;32767 0;0
1170 NONE 0;32767 0;0
1171 NONE 0;32767 0;0
1172 NONE 0;32767 0;0
1173 NONE 0;32767 0;0
1174 NONE 0;32767 0;0
1175 NONE 0;32767 0;0
1176 NONE 0;32767 0;0
1177 NONE 0;32767 0;0
1178 NONE 0;32767 0;0
1179 NONE 0;32767 0;0
1180 NONE 0;32767 0;0
1181 NONE 0;32767 0;0
1182 NONE 0;32767 0;0
1183 NONE 0;32767 0;0
1184 NONE 0;32767 0;0
1185 NONE 0;32767 0;0
1186 NONE 0;32767 0;0
1187 NONE 0;32767 0;0
1188 NONE 0;32767 0;0
1189 NONE 0;32767 0;0
1190 NONE 0;32767 0;0
1191 NONE 0;32767 0;0
1192 NONE 0;32767 0;0
1193 NONE 0;32767 0;0
1194 NONE 0;32767 0;0
1195 NONE 0;32767 0;0
1196 NONE 0;32767 0;0
1197 NONE 0;32767 0;0
1198 NONE 0;32767 0;0
1199 NONE 0;32767 0;0
1200 NONE 0;32767 0;0
1201 NONE 0;32767 0;0
1202 NONE 0;32767 0;0
1203 NONE 0;32767 0;0
1204 NONE 0;32767 0;0
1205 NONE 0;32767 0;0
1206 NONE 0;32767 0;0
1207 NONE 0;32767 0;0
1208 NONE 0;32767 0;0
1209 NONE 0;32767 0;0
1210 NONE 0;32767 0;0
1211 NONE 0;32767 0;0
1212 NONE 0;32767 0;0
1213 NONE 0;32767 0;0
1214 NONE 0;32767 0;0
1215 NONE 0;32767 0;0
1216 NONE 0;32767 0;0
1217 NONE 0;32767 0;0
1218 NONE 0;32767 0;0
1219 NONE 0;32767 0;0
1220 NONE 0;32767 0;0
1221 NONE 0;32767 0;0
1222 NONE 0;32767 0;0
1223 NONE 0;32767 0;0
1224 NONE 0;32767 0;0
1225 NONE 0;32767 0;0
1226 NONE 0;32767 0;0
1227 NONE 0;32767 0;0
1228 NONE 0;32767 0;0
1229 NONE 0;32767 0;0
1230 NONE 0;32767 0;0
1231 NONE 0;32767 0;0
1232 NONE 0;32767 0;0
1233 NONE 0;32767 0;0
1234 NONE 0;32767 0;0
1235 NONE 0;32767 0;0
1236 NONE 0;32767 0;0
1237 NONE 0;32767 0;0
1238 NONE 0;32767 0;0
1239 NONE 0;32767 0;0
1240 NONE 0;32767 0;0
1241 NONE 0;32767 0;0
1242 NONE 0;32767 0;0
1243 NONE 0;32767 0;0
1244 NONE 0;32767 0;0
1245 NONE 0;32767 0;0
1246 NONE 0;32767 0;0
1247 NONE 0;32767 0;0
1248 NONE 0;32767 0;0
1258 NONE 0;32767 0;0
1259 NONE 0;32767 0;0
1260 NONE 0;32767 0;0
1261 NONE 0;32767 0;0
1262 NONE 0;32767 0;0
1263 NONE 0;32767 0;0
1264 NONE 0;32767 0;0
1265 NONE 0;32767 0;0
1266 NONE 0;32767 0;0
1267 NONE 0;32767 0;0
1268 NONE 0;32767 0;0
1269 NONE 0;32767 0;0
1270 NONE 0;32767 0;0
1271 NONE 0;32767 0;0
1272 NONE 0;32767 0;0
1273 NONE 0;32767 0;0
1274 NONE 0;32767 0;0
1275 NONE 0;32767 0;0
1276 NONE 0;32767 0;0
1277 NONE 0;32767 0;0
1278 NONE 0;32767 0;0
1279 NONE 0;32767 0;0
1280 NONE 0;32767 0;0
1281 NONE 0;32767 0;0
1282 NONE 0;32767 0;0
1283 NONE 0;32767 0;0
1284 NONE 0;32767 0;0
1285 NONE 0;32767 0;0
1286 NONE 0;32767 0;0
1287 NONE 0;32767 0;0
1288 NONE 0;32767 0;0
1289 NONE 0;32767 0;0
1290 NONE 0;32767 0;0
1291 NONE 0;32767 0;0
1292 NONE 0;32767 0;0
1293 NONE 0;32767 0;0
1294 NONE 0;32767 0;0
1295 NONE 0;32767 0;0
1296 NONE 0;32767 0;0
1297 NONE 0;32767 0;0
1298 NONE 0;32767 0;0
1299 NONE 0;32767 0;0
1300 NONE 0;32767 0;0
1301 NONE 0;32767 0;0
1302 NONE 0;32767 0;0
1303 NONE 0;32767 0;0
1304 NONE 0;32767 0;0
1305 NONE 0;32767 0;0
1306 NONE 0;32767 0;0
1307 NONE 0;32767 0;0
1308 NONE 0;32767 0;0
1309 NONE 0;32767 0;0
1310 NONE 0;32767 0;0
1311 NONE 0;32767 0;0
1312 NONE 0;32767 0;0
1313 NONE 0;32767 0;0
1314 NONE 0;32767 0;0
1315 NONE 0;32767 0;0
1316 NONE 0;32767 0;0
1317 NONE 0;32767 0;0
1318 NONE 0;32767 0;0
1319 NONE 0;32767 0;0
1320 NONE 0;32767 0;0
1321 NONE 0;32767 0;0
1322 NONE 0;32767 0;0
1323 NONE 0;32767 0;0
1324 NONE 0;32767 0;0
1325 NONE 0;32767 0;0
1326 NONE 0;32767 0;0
1327 NONE 0;32767 0;0
1328 NONE 0;32767 0;0
1329 NONE 0;32767 0;0
1330 NONE 0;32767 0;0
1331 NONE 0;32767 0;0
1332 NONE 0;32767 0;0
1333 NONE 0;32767 0;0
1334 NONE 0;32767 0;0
1335 NONE 0;32767 0;0
1336 NONE 0;32767 0;0
1337 NONE 0;32767 0;0
1338 NONE 0;32767 0;0
1339 NONE 0;32767 0;0
1340 NONE 0;32767 0;0
1341 NONE 0;32767 0;0
1342 NONE 0;32767 0;0
1343 NONE 0;32767 0;0
1344 NONE 0;32767 0;0
1345 NONE 0;32767 0;0
1346 NONE 0;32767 0;0
1347 NONE 0;32767 0;0
1348 NONE 0;32767 0;0
1349 NONE 0;32767 0;0
1350 NONE 0;32767 0;0
1351 NONE 0;32767 0;0
1352 NONE 0;32767 0;0
1353 NONE 0;32767 0;0
1354 NONE 0;32767 0;0
1355 NONE 0;32767 0;0
1356 NONE 0;32767 0;0
1357 NONE 0;32767 0;0
1358 NONE 0;32767 0;0
1359 NONE 0;32767 0;0
1360 NONE 0;32767 0;0
1361 NONE 0;32767 0;0
1362 NONE 0;32767 0;0
1363 NONE 0;32767 0;0
1364 NONE 0;32767 0;0
1365 NONE 0;32767 0;0
1366 NONE 0;32767 0;0
1367 NONE 0;32767 0;0
1368 NONE 0;32767 0;0
1369 NONE 0;32767 0;0
1370 NONE 0;32767 0;0
1371 NONE 0;32767 0;0
1372 NONE 0;32767 0;0
1373 NONE 0;32767 0;0
1374 NONE 0;32767 0;0
1375 NONE 0;32767 0;0
1376 NONE 0;32767 0;0
1377 NONE 0;32767 0;0
1378 NONE 0;32767 0;0
1379 NONE 0;32767 0;0
1380 NONE 0;32767 0;0
1381 NONE 0;32767 0;0
1382 NONE 0;32767 0;0
1383 NONE 0;32767 0;0
1384 NONE 0;32767 0;0
1385 NONE 0;32767 0;0
1386 NONE 0;32767 0;0
1387 NONE 0;32767 0;0
1388 NONE 0;32767 0;0
1389 NONE 0;32767 0;0
1390 NONE 0;32767 0;0
1391 NONE 0;32767 0;0
1392 NONE 0;32767 0;0
1393 NONE 0;32767 0;0
1394 NONE 0;32767 0;0
1395 NONE 0;32767 0;0
1396 NONE 0;32767 0;0
1397 NONE 0;32767 0;0
1398 NONE 0;32767 0;0
1399 NONE 0;32767 0;0
1400 NONE 0;32767 0;0
1401 NONE 0;32767 0;0
1402 NONE 0;32767 0;0
1403 NONE 0;32767 0;0
1404 NONE 0;32767 0;0
1405 NONE 0;32767 0;0
1406 NONE 0;32767 0;0
1407 NONE 0;32767 0;0
1408 NONE 0;32767 0;0
1409 NONE 0;32767 0;0
1410 NONE 0;32767 0;0
1411 NONE 0;32767 0;0
1412 NONE 0;32767 0;0
1413 NONE 0;32767 0;0
1414 NONE 0;32767 0;0
1415 NONE 0;32767 0;0
1416 NONE 0;32767 0;0
1417 NONE 0;32767 0;0
1418 NONE 0;32767 0;0
1419 NONE 0;32767 0;0
1420 NONE 0;32767 0;0
1421 NONE 0;32767 0;0
1422 NONE 0;32767 0;0
1423 NONE 0;32767 0;0
1424 NONE 0;32767 0;0
1425 NONE 0;32767 0;0
1426 NONE 0;32767 0;0
1427 NONE 0;32767 0;0
1428 NONE 0;32767 0;0
1429 NONE 0;32767 0;0
1430 NONE 0;32767 0;0
1431 NONE 0;32767 0;0
1432 NONE 0;32767 0;0
1433 NONE 0;32767 0;0
1434 NONE 0;32767 0;0
1435 NONE 0;32767 0;0
1436 NONE 0;32767 0;0
1437 NONE 0;32767 0;0
1438 NONE 0;32767 0;0
1439 NONE 0;32767 0;0
1440 NONE 0;32767 0;0
1441 NONE 0;32767 0;0
1442 NONE 0;32767 0;0
1443 NONE 0;32767 0;0
1444 NONE 0;32767 0;0
1445 NONE 0;32767 0;0
1446 NONE 0;32767 0;0
1457 NONE 0;32767 0;0
1458 NONE 0;32767 0;0
1459 NONE 0;32767 0;0
1460 NONE 0;32767 0;0
1461 NONE 0;32767 0;0
1462 NONE 0;32767 0;0
1463 NONE 0;32767 0;0
1464 NONE 0;32767 0;0
1465 NONE 0;32767 0;0
1466 NONE 0;32767 0;0
1467 NONE 0;32767 0;0
1468 NONE 0;32767 0;0
1469 NONE 0;32767 0;0
1470 NONE 0;32767 0;0
1471 NONE 0;32767 0;0
1472 NONE 0;32767 0;0
1473 NONE 0;32767 0;0
1474 NONE 0;32767 0;0
1475 NONE 0;32767 0;0
1476 NONE 0;32767 0;0
1477 NONE 0;32767 0;0
1478 NONE 0;32767 0;0
1479 NONE 0;32767 0;0
1480 NONE 0;32767 0;0
1481 NONE 0;32767 0;0
1482 NONE 0;32767 0;0
1483 NONE 0;32767 0;0
1484 NONE 0;32767 0;0
1485 NONE 0;32767 0;0
1486 NONE 0;32767 0;0
1487 NONE 0;32767 0;0
1488 NONE 0;32767 0;0
1489 NONE 0;32767 0;0
1490 NONE 0;32767 0;0
1491 NONE 0;32767 0;0
1492 NONE 0;32767 0;0
1493 NONE 0;32767 0;0
1494 NONE 0;32767 0;0
1495 NONE 0;32767 0;0
1496 NONE 0;32767 0;0
1497 NONE 0;32767 0;0
1498 NONE 0;32767 0;0
1499 NONE 0;32767 0;0
1500 NONE 0;32767 0;0
1501 NONE 0;32767 0;0
1502 NONE 0;32767 0;0
1503 NONE 0;32767 0;0
1504 NONE 0;32767 0;0
1505 NONE 0;32767 0;0
1506 NONE 0;32767 0;0
1507 NONE 0;32767 0;0
1508 NONE 0;32767 0;0
1509 NONE 0;32767 0;0
1510 NONE 0;32767 0;0
1511 NONE 0;32767 0;0
1512 NONE 0;32767 0;0
1513 NONE 0;32767 0;0
1514 NONE 0;32767 0;0
1515 NONE 0;32767 0;0
1516 NONE 0;32767 0;0
1517 NONE 0;32767 0;0
1518 NONE 0;32767 0;0
1519 NONE 0;32767 0;0
1520 NONE 0;32767 0;0
1521 NONE 0;32767 0;0
1522 NONE 0;32767 0;0
1523 NONE 0;32767 0;0
1524 NONE 0;32767 0;0
1525 NONE 0;32767 0;0
1526 NONE 0;32767 0;0
1527 NONE 0;32767 0;0
1528 NONE 0;32767 0;0
1529 NONE 0;32767 0;0
1530 NONE 0;32767 0;0
1531 NONE 0;32767 0;0
1532 NONE 0;32767 0;0
1533 NONE 0;32767 0;0
1534 NONE 0;32767 0;0
1535 NONE 0;32767 0;0
1536 NONE 0;32767 0;0
1537 NONE 0;32767 0;0
1538 NONE 0;32767 0;0
1539 NONE 0;32767 0;0
1540 NONE 0;32767 0;0
1541 NONE 0;32767 0;0
1542 NONE 0;32767 0;0
1543 NONE 0;32767 0;0
1544 NONE 0;32767 0;0
1545 NONE 0;32767 0;0
1546 NONE 0;32767 0;0
1547 NONE 0;32767 0;0
1548 NONE 0;32767 0;0
1549 NONE 0;32767 0;0
1550 NONE 0;32767 0;0
1551 NONE 0;32767 0;0
1552 NONE 0;32767 0;0
1553 NONE 0;32767 0;0
1554 NONE 0;32767 0;0
1555 NONE 0;32767 0;0
1556 NONE 0;32767 0;0
1557 NONE 0;32767 0;0
1558 NONE 0;32767 0;0
1559 NONE 0;32767 0;0
1560 NONE 0;32767 0;0
1561 NONE 0;32767 0;0
1562 NONE 0;32767 0;0
1563 NONE 0;32767 0;0
1564 NONE 0;32767 0;0
1565 NONE 0;32767 0;0
1566 NONE 0;32767 0;0
1567 NONE 0;32767 0;0
1568 NONE 0;32767 0;0
1569 NONE 0;32767 0;0
1570 NONE 0;32767 0;0
1571 NONE 0;32767 0;0
1572 NONE 0;32767 0;0
1573 NONE 0;32767 0;0
1574 NONE 0;32767 0;0
1575 NONE 0;32767 0;0
1576 NONE 0;32767 0;0
1577 NONE 0;32767 0;0
1578 NONE 0;32767 0;0
1579 NONE 0;32767 0;0
1580 NONE 0;32767 0;0
1581 NONE 0;32767 0;0
1582 NONE 0;32767 0;0
1583 NONE 0;32767 0;0
1584 NONE 0;32767 0;0
1585 NONE 0;32767 0;0
1586 NONE 0;32767 0;0
1587 NONE 0;32767 0;0
1588 NONE 0;32767 0;0
1589 NONE 0;32767 0;0
1590 NONE 0;32767 0;0
1591 NONE 0;32767 0;0
1592 NONE 0;32767 0;0
1593 NONE 0;32767 0;0
1594 NONE 0;32767 0;0
1595 NONE 0;32767 0;0
1596 NONE 0;32767 0;0
1597 NONE 0;32767 0;0
1598 NONE 0;32767 0;0
1599 NONE 0;32767 0;0
1600 NONE 0;32767 0;0
1601 NONE 0;32767 0;0
1602 NONE 0;32767 0;0
1603 NONE 0;32767 0;0
1604 NONE 0;32767 0;0
1605 NONE 0;32767 0;0
1606 NONE 0;32767 0;0
1607 NONE 0;32767 0;0
1608 NONE 0;32767 0;0
1609 NONE 0;32767 0;0
1610 NONE 0;32767 0;0
1611 NONE 0;32767 0;0
1612 NONE 0;32767 0;0
1613 NONE 0;32767 0;0
1614 NONE 0;32767 0;0
1615 NONE 0;32767 0;0
1616 NONE 0;32767 0;0
1617 NONE 0;32767 0;0
1618 NONE 0;32767 0;0
1619 NONE 0;32767 0;0
1620 NONE 0;32767 0;0
1621 NONE 0;32767 0;0
1622 NONE 0;32767 0;0
1623 NONE 0;32767 0;0
1624 NONE 0;32767 0;0
1625 NONE 0;32767 0;0
1626 NONE 0;32767 0;0
1627 NONE 0;32767 0;0
1628 NONE 0;32767 0;0
1629 NONE 0;32767 0;0
1630 NONE 0;32767 0;0
1631 NONE 0;32767 0;0
1632 NONE 0;32767 0;0
1633 NONE 0;32767 0;0
1634 NONE 0;32767 0;0
1635 NONE 0;32767 0;0
1636 NONE 0;32767 0;0
1637 NONE 0;32767 0;0
1638 NONE 0;32767 0;0
1639 NONE 0;32767 0;0
1640 NONE 0;32767 0;0
1641 NONE 0;32767 0;0
1642 NONE 0;32767 0;0
1643 NONE 0;32767 0;0
1644 NONE 0;32767 0;0
1645 NONE 0;32767 0;0
1646 NONE 0;32767 0;0
1647 NONE 0;32767 0;0
1648 NONE 0;32767 0;0
1649 NONE 0;32767 0;0
1650 NONE 0;32767 0;0
1651 NONE 0;32767 0;0
1652 NONE 0;32767 0;0
1653 NONE 0;32767 0;0
1654 NONE 0;32767 0;0
1655 NONE 0;32767 0;0
1656 NONE 0;32767 0;0
1657 NONE 0;32767 0;0
1658 NONE 0;32767 0;0
1659 NONE 0;32767 0;0
1660 NONE 0;32767 0;0
1661 NONE 0;32767 0;0
1662 NONE 0;32767 0;0
1663 NONE 0;32767 0;0
1664 NONE 0;32767 0;0
1665 NONE 0;32767 0;0
1666 NONE 0;32767 0;0
1667 NONE 0;32767 0;0
1668 NONE 0;32767 0;0
1669 NONE 0;32767 0;0
1670 NONE 0;32767 0;0
1671 NONE 0;32767 0;0
1672 NONE 0;32767 0;0
1673 NONE 0;32767 0;0
1674 NONE 0;32767 0;0
1675 NONE 0;32767 0;0
1676 NONE 0;32767 0;0
1677 NONE 0;32767 0;0
1678 NONE 0;32767 0;0
1679 NONE 0;32767 0;0
1680 NONE 0;32767 0;0
1681 NONE 0;32767 0;0
1682 NONE 0;32767 0;0
1683 NONE 0;32767 0;0
1684 NONE 0;32767 0;0
1685 NONE 0;32767 0;0
1686 NONE 0;32767 0;0
1687 NONE 0;32767 0;0
1688 NONE 0;32767 0;0
1689 NONE 0;32767 0;0
1690 NONE 0;32767 0;0
1691 NONE 0;32767 0;0
1692 NONE 0;32767 0;0
1693 NONE 0;32767 0;0
1694 NONE 0;32767 0;0
1695 NONE 0;32767 0;0
1696 NONE 0;32767 0;0
1697 NONE 0;32767 0;0
1698 NONE 0;32767 0;0
1699 NONE 0;32767 0;0
1700 NONE 0;32767 0;0
1701 NONE 0;32767 0;0
1702 NONE 0;32767 0;0
1703 NONE 0;32767 0;0
1704 NONE 0;32767 0;0
1705 NONE 0;32767 0;0
1706 NONE 0;32767 0;0
1707 NONE 0;32767 0;0
1708 NONE 0;32767 0;0
1709 NONE 0;32767 0;0
1710 NONE 0;32767 0;0
1711 NONE 0;32767 0;0
1712 NONE 0;32767 0;0
1713 NONE 0;32767 0;0
1714 NONE 0;32767 0;0
1715 NONE 0;32767 0;0
1716 NONE 0;32767 0;0
1717 NONE 0;32767 0;0
1718 NONE 0;32767 0;0
1719 NONE 0;32767 0;0
1720 NONE 0;32767 0;0
1721 NONE 0;32767 0;0
1722 NONE 0;32767 0;0
1723 NONE 0;32767 0;0
1724 NONE 0;32767 0;0
1725 NONE 0;32767 0;0
1726 NONE 0;32767 0;0
1727 NONE 0;32767 0;0
1728 NONE 0;32767 0;0
1729 NONE 0;32767 0;0
1730 NONE 0;32767 0;0
1731 NONE 0;32767 0;0
1732 NONE 0;32767 0;0
1733 NONE 0;32767 0;0
1734 NONE 0;32767 0;0
1735 NONE 0;32767 0;0
1736 NONE 0;32767 0;0
1737 NONE 0;32767 0;0
1738 NONE 0;32767 0;0
1739 NONE 0;32767 0;0
1740 NONE 0;32767 0;0
1741 NONE 0;32767 0;0
1742 NONE 0;32767 0;0
1743 NONE 0;32767 0;0
1744 NONE 0;32767 0;0
1745 NONE 0;32767 0;0
1746 NONE 0;32767 0;0
1758 NONE 0;32767 0;0
1759 NONE 0;32767 0;0
1760 NONE 0;32767 0;0
1761 NONE 0;32767 0;0
1762 NONE 0;32767 0;0
1763 NONE 0;32767 0;0
1764 NONE 0;32767 0;0
1765 NONE 0;32767 0;0
1766 NONE 0;32767 0;0
1767 NONE 0;32767 0;0
1768 NONE 0;32767 0;0
1769 NONE 0;32767 0;0
1770 NONE 0;32767 0;0
1771 NONE 0;32767 0;0
1772 NONE 0;32767 0;0
1773 NONE 0;32767 0;0
1774 NONE 0;32767 0;0
1775 NONE 0;32767 0;0
1776 NONE 0;32767 0;0
1777 NONE 0;32767 0;0
1778 NONE 0;32767 0;0
1779 NONE 0;32767 0;0
1780 NONE 0;32767 0;0
1781 NONE 0;32767 0;0
1782 NONE 0;32767 0;0
1783 NONE 0;32767 0;0
1784 NONE 0;32767 0;0
1785 NONE 0;32767 0;0
1786 NONE 0;32767 0;0
1787 NONE 0;32767 0;0
1788 NONE 0;32767 0;0
1789 NONE 0;32767 0;0
1790 NONE 0;32767 0;0
1791 NONE 0;32767 0;0
1792 NONE 0;32767 0;0
1793 NONE 0;32767 0;0
1794 NONE 0;32767 0;0
1795 NONE 0;32767 0;0
1796 NONE 0;32767 0;0
1797 NONE 0;32767 0;0
1798 NONE 0;32767 0;0
1799 NONE 0;32767 0;0
1800 NONE 0;32767 0;0
1801 NONE 0;32767 0;0
1802 NONE 0;32767 0;0
1803 NONE 0;32767 0;0
1804 NONE 0;32767 0;0
1805 NONE 0;32767 0;0
1806 NONE 0;32767 0;0
1807 NONE 0;32767 0;0
1808 NONE 0;32767 0;0
1809 NONE 0;32767 0;0
1810 NONE 0;32767 0;0
1811 NONE 0;32767 0;0
1812 NONE 0;32767 0;0
1813 NONE 0;32767 0;0
1814 NONE 0;32767 0;0
1815 NONE 0;32767 0;0
1816 NONE 0;32767 0;0
1817 NONE 0;32767 0;0
1818 NONE 0;32767 0;0
1819 NONE 0;32767 0;0
1820 NONE 0;32767 0;0
1821 NONE 0;32767 0;0
1822 NONE 0;32767 0;0
1823 NONE 0;32767 0;0
1824 NONE 0;32767 0;0
1825 NONE 0;32767 0;0
1826 NONE 0;32767 0;0
1827 NONE 0;32767 0;0
1828 NONE 0;32767 0;0
1829 NONE 0;32767 0;0
1830 NONE 0;32767 0;0
1831 NONE 0;32767 0;0
1832 NONE 0;32767 0;0
1833 NONE 0;32767 0;0
1834 NONE 0;32767 0;0
1835 NONE 0;32767 0;0
1836 NONE 0;32767 0;0
1837 NONE 0;32767 0;0
1838 NONE 0;32767 0;0
1839 NONE 0;32767 0;0
1840 NONE 0;32767 0;0
1841 NONE 0;32767 0;0
1842 NONE 0;32767 0;0
1843 NONE 0;32767 0;0
1844 NONE 0;32767 0;0
1845 NONE 0;32767 0;0
1846 NONE 0;32767 0;0
1847 NONE 0;32767 0;0
1848 NONE 0;32767 0;0
1849 NONE 0;32767 0;0
1850 NONE 0;32767 0;0
1851 NONE 0;32767 0;0
1852 NONE 0;32767 0;0
1853 NONE 0;32767 0;0
1854 NONE 0;32767 0;0
1855 NONE 0;32767 0;0
1856 NONE 0;32767 0;0
1857 NONE 0;32767 0;0
1858 NONE 0;32767 0;0
1859 NONE 0;32767 0;0
1860 NONE 0;32767 0;0
1861 NONE 0;32767 0;0
1862 NONE 0;32767 0;0
1863 NONE 0;32767 0;0
1864 NONE 0;32767 0;0
1865 NONE 0;32767 0;0
1866 NONE 0;32767 0;0
1867 NONE 0;32767 0;0
1868 NONE 0;32767 0;0
1869 NONE 0;32767 0;0
1870 NONE 0;32767 0;0
1871 NONE 0;32767 0;0
1872 NONE 0;32767 0;0
1873 NONE 0;32767 0;0
1874 NONE 0;32767 0;0
1875 NONE 0;32767 0;0
1876 NONE 0;32767 0;0
1877 NONE 0;32767 0;0
1878 NONE 0;32767 0;0
1879 NONE 0;32767 0;0
1880 NONE 0;32767 0;0
1881 NONE 0;32767 0;0
1882 NONE 0;32767 0;0
1883 NONE 0;32767 0;0
1884 NONE 0;32767 0;0
1885 NONE 0;32767 0;0
1886 NONE 0;32767 0;0
1887 NONE 0;32767 0;0
1888 NONE 0;32767 0;0
1889 NONE 0;32767 0;0
1890 NONE 0;32767 0;0
1891 NONE 0;32767 0;0
1892 NONE 0;32767 0;0
1893 NONE 0;32767 0;0
1894 NONE 0;32767 0;0
1895 NONE 0;32767 0;0
1896 NONE 0;32767 0;0
1897 NONE 0;32767 0;0
1898 NONE 0;32767 0;0
1899 NONE 0;32767 0;0
1900 NONE 0;32767 0;0
1901 NONE 0;32767 0;0
1902 NONE 0;32767 0;0
1903 NONE 0;32767 0;0
1904 NONE 0;32767 0;0
1905 NONE 0;32767 0;0
1906 NONE 0;32767 0;0
1907 NONE 0;32767 0;0
1908 NONE 0;32767 0;0
1909 NONE 0;32767 0;0
1910 NONE 0;32767 0;0
1911 NONE 0;32767 0;0
1912 NONE 0;32767 0;0
1913 NONE 0;32767 0;0
1914 NONE 0;32767 0;0
1915 NONE 0;32767 0;0
1916 NONE 0;32767 0;0
1917 NONE 0;32767 0;0
1918 NONE 0;32767 0;0
1919 NONE 0;32767 0;0
1920 NONE 0;32767 0;0
1921 NONE 0;32767 0;0
1922 NONE 0;32767 0;0
1923 NONE 0;32767 0;0
1924 NONE 0;32767 0;0
1936 NONE 0;32767 0;0
1937 NONE 0;32767 0;0
1938 NONE 0;32767 0;0
1939 NONE 0;32767 0;0
1940 NONE 0;32767 0;0
1941 NONE 0;32767 0;0
1942 NONE 0;32767 0;0
1943 NONE 0;32767 0;0
1944 NONE 0;32767 0;0
1945 NONE 0;32767 0;0
1946 NONE 0;32767 0;0
1947 NONE 0;32767 0;0
1948 NONE 0;32767 0;0
1949 NONE 0;32767 0;0
1950 NONE 0;32767 0;0
1951 NONE 0;32767 0;0
1952 NONE 0;32767 0;0
1953 NONE 0;32767 0;0
1954 NONE 0;32767 0;0
1955 NONE 0;32767 0;0
1956 NONE 0;32767 0;0
1957 NONE 0;32767 0;0
1958 NONE 0;32767 0;0
1959 NONE 0;32767 0;0
1960 NONE 0;32767 0;0
1961 NONE 0;32767 0;0
1962 NONE 0;32767 0;0
1963 NONE 0;32767 0;0
1964 NONE 0;32767 0;0
1965 NONE 0;32767 0;0
1966 NONE 0;32767 0;0
1967 NONE 0;32767 0;0
1968 NONE 0;32767 0;0
1969 NONE 0;32767 0;0
1970 NONE 0;32767 0;0
1971 NONE 0;32767 0;0
1972 NONE 0;32767 0;0
1973 NONE 0;32767 0;0
1974 NONE 0;32767 0;0
1975 NONE 0;32767 0;0
1976 NONE 0;32767 0;0
1977 NONE 0;32767 0;0
1978 NONE 0;32767 0;0
1979 NONE 0;32767 0;0
1980 NONE 0;32767 0;0
1981 NONE 0;32767 0;0
1982 NONE 0;32767 0;0
1983 NONE 0;32767 0;0
1984 NONE 0;32767 0;0
1985 NONE 0;32767 0;0
1986 NONE 0;32767 0;0
1987 NONE 0;32767 0;0
1988 NONE 0;32767 0;0
1989 NONE 0;32767 0;0
1990 NONE 0;32767 0;0
1991 NONE 0;32767 0;0
1992 NONE 0;32767 0;0
1993 NONE 0;32767 0;0
1994 NONE 0;32767 0;0
1995 NONE 0;32767 0;0
1996 NONE 0;32767 0;0
1997 NONE 0;32767 0;0
1998 NONE 0;32767 0;0
1999 NONE 0;32767 0;0
2000 NONE 0;32767 0;0
2001 NONE 0;32767 0;0
2002 NONE 0;32767 0;0
2003 NONE 0;32767 0;0
2004 NONE 0;32767 0;0
2005 NONE 0;32767 0;0
2006 NONE 0;32767 0;0
2007 NONE 0;32767 0;0
2008 NONE 0;32767 0;0
2009 NONE 0;32767 0;0
2010 NONE 0;32767 0;0
2011 NONE 0;32767 0;0
2012 NONE 0;32767 0;0
2013 NONE 0;32767 0;0
2014 NONE 0;32767 0;0
2015 NONE 0;32767 0;0
2016 NONE 0;32767 0;0
2017 NONE 0;32767 0;0
2018 NONE 0;32767 0;0
2019 NONE 0;32767 0;0
2020 NONE 0;32767 0;0
2021 NONE 0;32767 0;0
2022 NONE 0;32767 0;0
2023 NONE 0;32767 0;0
2024 NONE 0;32767 0;0
2025 NONE 0;32767 0;0
2026 NONE 0;32767 0;0
2027 NONE 0;32767 0;0
2028 NONE 0;32767 0;0
2029 NONE 0;32767 0;0
2030 NONE 0;32767 0;0
2031 NONE 0;32767 0;0
2032 NONE 0;32767 0;0
2033 NONE 0;32767 0;0
2034 NONE 0;32767 0;0
2035 NONE 0;32767 0;0
2036 NONE 0;32767 0;0
2037 NONE 0;32767 0;0
2038 NONE 0;32767 0;0
2039 NONE 0;32767 0;0
2040 NONE 0;32767 0;0
2041 NONE 0;32767 0;0
2042 NONE 0;32767 0;0
2043 NONE 0;32767 0;0
2044 NONE 0;32767 0;0
2045 NONE 0;32767 0;0
2046 NONE 0;32767 0;0
2047 NONE 0;32767 0;0
2048 NONE 0;32767 0;0
2049 NONE 0;32767 0;0
2050 NONE 0;32767 0;0
2051 NONE 0;32767 0;0
2052 NONE 0;32767 0;0
2053 NONE 0;32767 0;0
2054 NONE 0;32767 0;0
2055 NONE 0;32767 0;0
2056 NONE 0;32767 0;0
2057 NONE 0;32767 0;0
2058 NONE 0;32767 0;0
2059 NONE 0;32767 0;0
2060 NONE 0;32767 0;0
2061 NONE 0;32767 0;0
2062 NONE 0;32767 0;0
2063 NONE 0;32767 0;0
2064 NONE 0;32767 0;0
2065 NONE 0;32767 0;0
2066 NONE 0;32767 0;0
2067 NONE 0;32767 0;0
2068 NONE 0;32767 0;0
2069 NONE 0;32767 0;0
2070 NONE 0;32767 0;0
2071 NONE 0;32767 0;0
2072 NONE 0;32767 0;0
2073 NONE 0;32767 0;0
2074 NONE 0;32767 0;0
2075 NONE 0;32767 0;0
2076 NONE 0;32767 0;0
2077 NONE 0;32767 0;0
2078 NONE 0;32767 0;0
2079 NONE 0;32767 0;0
2080 NONE 0;32767 0;0
2081 NONE 0;32767 0;0
2082 NONE 0;32767 0;0
2083 NONE 0;32767 0;0
2084 NONE 0;32767 0;0
2085 NONE 0;32767 0;0
2086 NONE 0;32767 0;0
2087 NONE 0;32767 0;0
2088 NONE 0;32767 0;0
2089 NONE 0;32767 0;0
2090 NONE 0;32767 0;0
2091 NONE 0;32767 0;0
2092 NONE 0;32767 0;0
2093 NONE 0;32767 0;0
2094 NONE 0;32767 0;0
2095 NONE 0;32767 0;0
2096 NONE 0;32767 0;0
2097 NONE 0;32767 0;0
2098 NONE 0;32767 0;0
2099 NONE 0;32767 0;0
2100 NONE 0;32767 0;0
2101 NONE 0;32767 0;0
2102 NONE 0;32767 0;0
2103 NONE 0;32767 0;0
2104 NONE 0;32767 0;0
2105 NONE 0;32767 0;0
2106 NONE 0;32767 0;0
2107 NONE 0;32767 0;0
2108 NONE 0;32767 0;0
2109 NONE 0;32767 0;0
2110 NONE 0;32767 0;0
2111 NONE 0;32767 0;0
2112 NONE 0;32767 0;0
2113 NONE 0;32767 0;0
2114 NONE 0;32767 0;0
2115 NONE 0;32767 0;0
2116 NONE 0;32767 0;0
2117 NONE 0;32767 0;0
2118 NONE 0;32767 0;0
2119 NONE 0;32767 0;0
2120 NONE 0;32767 0;0
2121 NONE 0;32767 0;0
2122 NONE 0;32767 0;0
2123 NONE 0;32767 0;0
2124 NONE 0;32767 0;0
2125 NONE 0;32767 0;0
2126 NONE 0;32767 0;0
2127 NONE 0;32767 0;0
2128 NONE 0;32767 0;0
2129 NONE 0;32767 0;0
2130 NONE 0;32767 0;0
2131 NONE 0;32767 0;0
2132 NONE 0;32767 0;0
2133 NONE 0;32767 0;0
2134 NONE 0;32767 0;0
2135 NONE 0;32767 0;0
2136 NONE 0;32767 0;0
2137 NONE 0;32767 0;0
2138 NONE 0;32767 0;0
2139 NONE 0;32767 0;0
2140 NONE 0;32767 0;0
2141 NONE 0;32767 0;0
2142 NONE 0;32767 0;0
2143 NONE 0;32767 0;0
2144 NONE 0;32767 0;0
2145 NONE 0;32767 0;0
2146 NONE 0;32767 0;0
2147 NONE 0;32767 0;0
2148 NONE 0;32767 0;0
2149 NONE 0;32767 0;0
2150 NONE 0;32767 0;0
2151 NONE 0;32767 0;0
2152 NONE 0;32767 0;0
2153 NONE 0;32767 0;0
2154 NONE 0;32767 0;0
2155 NONE 0;32767 0;0
2156 NONE 0;32767 0;0
2157 NONE 0;32767 0;0
2158 NONE 0;32767 0;0
2159 NONE 0;32767 0;0
2160 NONE 0;32767 0;0
2161 NONE 0;32767 0;0
2162 NONE 0;32767 0;0
2163 NONE 0;32767 0;0
2164 NONE 0;32767 0;0
2165 NONE 0;32767 0;0
2166 NONE 0;32767 0;0
2167 NONE 0;32767 0;0
2168 NONE 0;32767 0;0
2169 NONE 0;32767 0;0
2170 NONE 0;32767 0;0
2171 NONE 0;32767 0;0
2172 NONE 0;32767 0;0
2173 NONE 0;32767 0;0
2174 NONE 0;32767 0;0
2175 NONE 0;32767 0;0
2176 NONE 0;32767 0;0
2177 NONE 0;32767 0;0
2178 NONE 0;32767 0;0
2179 NONE 0;32767 0;0
2180 NONE 0;32767 0;0
2181 NONE 0;32767 0;0
2182 NONE 0;32767 0;0
2183 NONE 0;32767 0;0
2184 NONE 0;32767 0;0
2185 NONE 0;32767 0;0
2186 NONE 0;32767 0;0
2187 NONE 0;32767 0;0
2188 NONE 0;32767 0;0
2189 NONE 0;32767 0;0
2190 NONE 0;32767 0;0
2191 NONE 0;32767 0;0
2192 NONE 0;32767 0;0
2193 NONE 0;32767 0;0
2194 NONE 0;32767 0;0
2195 NONE 0;32767 0;0
2196 NONE 0;32767 0;0
2197 NONE 0;32767 0;0
2198 NONE 0;32767 0;0
2199 NONE 0;32767 0;0
2200 NONE 0;32767 0;0
2201 NONE 0;32767 0;0
2202 NONE 0;32767 0;0
2203 NONE 0;32767 0;0
2204 NONE 0;32767 0;0
2205 NONE 0;32767 0;0
2206 NONE 0;32767 0;0
2207 NONE 0;32767 0;0
2208 NONE 0;32767 0;0
2209 NONE 0;32767 0;0
2210 NONE 0;32767 0;0
2211 NONE 0;32767 0;0
2212 NONE 0;32767 0;0
2213 NONE 0;32767 0;0
2214 NONE 0;32767 0;0
2215 NONE 0;32767 0;0
2216 NONE 0;32767 0;0
2217 NONE 0;32767 0;0
2218 NONE 0;32767 0;0
2219 NONE 0;32767 0;0
2220 NONE 0;32767 0;0
2221 NONE 0;32767 0;0
2236 NONE 0;32767 0;0
2237 NONE 0;32767 0;0
2238 NONE 0;32767 0;0
2239 NONE 0;32767 0;0
2240 NONE 0;32767 0;0
2241 NONE 0;32767 0;0
2242 NONE 0;32767 0;0
2243 NONE 0;32767 0;0
2244 NONE 0;32767 0;0
2245 NONE 0;32767 0;0
2246 NONE 0;32767 0;0
2247 NONE 0;32767 0;0
2248 NONE 0;32767 0;0
2249 NONE 0;32767 0;0
2250 NONE 0;32767 0;0
2251 NONE 0;32767 0;0
2252 NONE 0;32767 0;0
2253 NONE 0;32767 0;0
2254 NONE 0;32767 0;0
2255 NONE 0;32767 0;0
2256 NONE 0;32767 0;0
2257 NONE 0;32767 0;0
2258 NONE 0;32767 0;0
2259 NONE 0;32767 0;0
2260 NONE 0;32767 0;0
2261 NONE 0;32767 0;0
2262 NONE 0;32767 0;0
2263 NONE 0;32767 0;0
2264 NONE 0;32767 0;0
2265 NONE 0;32767 0;0
2266 NONE 0;32767 0;0
2267 NONE 0;32767 0;0
2268 NONE 0;32767 0;0
2269 NONE 0;32767 0;0
2270 NONE 0;32767 0;0
2271 NONE 0;32767 0;0
2272 NONE 0;32767 0;0
2273 NONE 0;32767 0;0
2274 NONE 0;32767 0;0
2275 NONE 0;32767 0;0
2276 NONE 0;32767 0;0
2277 NONE 0;32767 0;0
2278 NONE 0;32767 0;0
2279 NONE 0;32767 0;0
2280 NONE 0;32767 0;0
2281 NONE 0;32767 0;0
2282 NONE 0;32767 0;0
2283 NONE 0;32767 0;0
2284 NONE 0;32767 0;0
2285 NONE 0;32767 0;0
2286 NONE 0;32767 0;0
2287 NONE 0;32767 0;0
2288 NONE 0;32767 0;0
2289 NONE 0;32767 0;0
2290 NONE 0;32767 0;0
2291 NONE 0;32767 0;0
2292 NONE 0;32767 0;0
2293 NONE 0;32767 0;0
2294 NONE 0;32767 0;0
2295 NONE 0;32767 0;0
2296 NONE 0;32767 0;0
2297 NONE 0;32767 0;0
2298 NONE 0;32767 0;0
2299 NONE 0;32767 0;0
2300 NONE 0;32767 0;0
2301 NONE 0;32767 0;0
2302 NONE 0;32767 0;0
2303 NONE 0;32767 0;0
2304 NONE 0;32767 0;0
2305 NONE 0;32767 0;0
2306 NONE 0;32767 0;0
2307 NONE 0;32767 0;0
2308 NONE 0;32767 0;0
2309 NONE 0;32767 0;0
2310 NONE 0;32767 0;0
2311 NONE 0;32767 0;0
2312 NONE 0;32767 0;0
2313 NONE 0;32767 0;0
2314 NONE 0;32767 0;0
2315 NONE 0;32767 0;0
2316 NONE 0;32767 0;0
2317 NONE 0;32767 0;0
2318 NONE 0;32767 0;0
2319 NONE 0;32767 0;0
2320 NONE 0;32767 0;0
2321 NONE 0;32767 0;0
2322 NONE 0;32767 0;0
2323 NONE 0;32767 0;0
2324 NONE 0;32767 0;0
2325 NONE 0;32767 0;0
2326 NONE 0;32767 0;0
2327 NONE 0;32767 0;0
2328 NONE 0;32767 0;0
2329 NONE 0;32767 0;0
2330 NONE 0;32767 0;0
2331 NONE 0;32767 0;0
2332 NONE 0;32767 0;0
2333 NONE 0;32767 0;0
2334 NONE 0;32767 0;0
2335 NONE 0;32767 0;0
2336 NONE 0;32767 0;0
2337 NONE 0;32767 0;0
2338 NONE 0;32767 0;0
2339 NONE 0;32767 0;0
2340 NONE 0;32767 0;0
2341 NONE 0;32767 0;0
2342 NONE 0;32767 0;0
2343 NONE 0;32767 0;0
2344 NONE 0;32767 0;0
2345 NONE 0;32767 0;0
2346 NONE 0;32767 0;0
2347 NONE 0;32767 0;0
2348 NONE 0;32767 0;0
2349 NONE 0;32767 0;0
2350 NONE 0;32767 0;0
2351 NONE 0;32767 0;0
2352 NONE 0;32767 0;0
2353 NONE 0;32767 0;0
2354 NONE 0;32767 0;0
2355 NONE 0;32767 0;0
2356 NONE 0;32767 0;0
2357 NONE 0;32767 0;0
2358 NONE 0;32767 0;0
2359 NONE 0;32767 0;0
2360 NONE 0;32767 0;0
2361 NONE 0;32767 0;0
2362 NONE 0;32767 0;0
2363 NONE 0;32767 0;0
2364 NONE 0;32767 0;0
2365 NONE 0;32767 0;0
2366 NONE 0;32767 0;0
2367 NONE 0;32767 0;0
2368 NONE 0;32767 0;0
2369 NONE 0;32767 0;0
2370 NONE 0;32767 0;0
2371 NONE 0;32767 0;0
2372 NONE 0;32767 0;0
2373 NONE 0;32767 0;0
2374 NONE 0;32767 0;0
2375 NONE 0;32767 0;0
2376 NONE 0;32767 0;0
2377 NONE 0;32767 0;0
2378 NONE 0;32767 0;0
2379 NONE 0;32767 0;0
2380 NONE 0;32767 0;0
2381 NONE 0;32767 0;0
2382 NONE 0;32767 0;0
2383 NONE 0;32767 0;0
2384 NONE 0;32767 0;0
2385 NONE 0;32767 0;0
2386 NONE 0;32767 0;0
2387 NONE 0;32767 0;0
2388 NONE 0;32767 0;0
2389 NONE 0;32767 0;0
2390 NONE 0;32767 0;0
2391 NONE 0;32767 0;0
2392 NONE 0;32767 0;0
2393 NONE 0;32767 0;0
2394 NONE 0;32767 0;0
2395 NONE 0;32767 0;0
2396 NONE 0;32767 0;0
2397 NONE 0;32767 0;0
2398 NONE 0;32767 0;0
2399 NONE 0;32767 0;0
2400 NONE 0;32767 0;0
2401 NONE 0;32767 0;0
2402 NONE 0;32767 0;0
2403 NONE 0;32767 0;0
2404 NONE 0;32767 0;0
2405 NONE 0;32767 0;0
2406 NONE 0;32767 0;0
2407 NONE 0;32767 0;0
2408 NONE 0;32767 0;0
2409 NONE 0;32767 0;0
2410 NONE 0;32767 0;0
2411 NONE 0;32767 0;0
2412 NONE 0;32767 0;0
2413 NONE 0;32767 0;0
2414 NONE 0;32767 0;0
2415 NONE 0;32767 0;0
2416 NONE 0;32767 0;0
2417 NONE 0;32767 0;0
2418 NONE 0;32767 0;0
2419 NONE 0;32767 0;0
2420 NONE 0;32767 0;0
2421 NONE 0;32767 0;0
2422 NONE 0;32767 0;0
2423 NONE 0;32767 0;0
2424 NONE 0;32767 0;0
2425 NONE 0;32767 0;0
2426 NONE 0;32767 0;0
2427 NONE 0;32767 0;0
2428 NONE 0;32767 0;0
2429 NONE 0;32767 0;0
2430 NONE 0;32767 0;0
2431 NONE 0;32767 0;0
2432 NONE 0;32767 0;0
2433 NONE 0;32767 0;0
2434 NONE 0;32767 0;0
2435 NONE 0;32767 0;0
2436 NONE 0;32767 0;0
2437 NONE 0;32767 0;0
