0 NONE 32767;0 0;0
1 NONE 32767;0 0;0
2 KEY_A 0;0 0;0
548 KEY_A 0;0 0;0
549 KEY_A 0;0 0;0
550 KEY_A 0;0 0;0
551 KEY_A 0;0 0;0
552 KEY_A 0;0 0;0
553 KEY_A 0;0 0;0
554 KEY_A 0;0 0;0
555 KEY_A 0;0 0;0
556 KEY_A 0;0 0;0
557 KEY_A 0;0 0;0
558 KEY_A 0;0 0;0
559 KEY_A 0;0 0;0
560 KEY_A 0;0 0;0
561 KEY_A 0;0 0;0
562 KEY_A 0;0 0;0
563 KEY_A 0;0 0;0
564 KEY_A 0;0 0;0
565 KEY_A 0;0 0;0
566 KEY_A 0;0 0;0
567 KEY_A 0;0 0;0
568 KEY_A 0;0 0;0
569 KEY_A 0;0 0;0
570 KEY_A 0;0 0;0
571 KEY_A 0;0 0;0
572 KEY_A 0;0 0;0
573 KEY_A 0;0 0;0
574 KEY_A 0;0 0;0
575 KEY_A 0;0 0;0
576 KEY_A 0;0 0;0
577 KEY_A 0;0 0;0
578 KEY_A 0;0 0;0
579 KEY_A 0;0 0;0
580 KEY_A 0;0 0;0
581 KEY_A 0;0 0;0
582 KEY_A 0;0 0;0
583 KEY_A 0;0 0;0
584 KEY_A 0;0 0;0
585 KEY_A 0;0 0;0
586 KEY_A 0;0 0;0
587 KEY_A 0;0 0;0
588 KEY_A 0;0 0;0
589 KEY_A 0;0 0;0
590 KEY_A 0;0 0;0
591 KEY_A 0;0 0;0
592 KEY_A 0;0 0;0
593 KEY_A 0;0 0;0
594 KEY_A 0;0 0;0
595 KEY_A 0;0 0;0
596 KEY_A 0;0 0;0
597 KEY_A 0;0 0;0
598 KEY_A 0;0 0;0
599 KEY_A 0;0 0;0
600 KEY_A 0;0 0;0
601 KEY_A 0;0 0;0
602 KEY_A 0;0 0;0
603 KEY_A 0;0 0;0
604 KEY_A 0;0 0;0
605 KEY_A 0;0 0;0
606 KEY_A 0;0 0;0
607 KEY_A 0;0 0;0
608 KEY_A 0;0 0;0
609 KEY_A 0;0 0;0
610 KEY_A 0;0 0;0
611 KEY_A 0;0 0;0
612 KEY_A 0;0 0;0
613 KEY_A 0;0 0;0
614 KEY_A 0;0 0;0
615 KEY_A 0;0 0;0
616 KEY_A 0;0 0;0
617 KEY_A 0;0 0;0
618 KEY_A 0;0 0;0
619 KEY_A 0;0 0;0
620 KEY_A 0;0 0;0
621 KEY_A 0;0 0;0
622 KEY_A 0;0 0;0
623 KEY_A 0;0 0;0
624 KEY_A 0;0 0;0
625 KEY_A 0;0 0;0
626 KEY_A 0;0 0;0
627 KEY_A 0;0 0;0
628 KEY_A 0;0 0;0
629 KEY_A 0;0 0;0
630 KEY_A 0;0 0;0
631 KEY_A 0;0 0;0
632 KEY_A 0;0 0;0
633 KEY_A 0;0 0;0
634 KEY_A 0;0 0;0
635 KEY_A 0;0 0;0
636 KEY_A 0;0 0;0
637 KEY_A 0;0 0;0
638 KEY_A 0;0 0;0
639 KEY_A 0;0 0;0
640 KEY_A 0;0 0;0
641 KEY_A 0;0 0;0
642 KEY_A 0;0 0;0
643 KEY_A 0;0 0;0
644 KEY_A 0;0 0;0
645 KEY_A 0;0 0;0
646 KEY_A 0;0 0;0
647 KEY_A 0;0 0;0
648 KEY_A 0;0 0;0
649 KEY_A 0;0 0;0
650 KEY_A 0;0 0;0
651 KEY_A 0;0 0;0
652 KEY_A 0;0 0;0
653 KEY_A 0;0 0;0
654 KEY_A 0;0 0;0
655 KEY_A 0;0 0;0
656 KEY_A 0;0 0;0
657 KEY_A 0;0 0;0
658 KEY_A 0;0 0;0
659 KEY_A 0;0 0;0
660 KEY_A 0;0 0;0
661 KEY_A 0;0 0;0
662 KEY_A 0;0 0;0
663 KEY_A 0;0 0;0
664 KEY_A 0;0 0;0
665 KEY_A 0;0 0;0
666 KEY_A 0;0 0;0
667 KEY_A 0;0 0;0
668 KEY_A 0;0 0;0
669 KEY_A 0;0 0;0
670 KEY_A 0;0 0;0
671 KEY_A 0;0 0;0
672 KEY_A 0;0 0;0
673 KEY_A 0;0 0;0
674 KEY_A 0;0 0;0
675 KEY_A 0;0 0;0
676 KEY_A 0;0 0;0
677 KEY_A 0;0 0;0
678 KEY_A 0;0 0;0
679 KEY_A 0;0 0;0
680 KEY_A 0;0 0;0
681 KEY_A 0;0 0;0
682 KEY_A 0;0 0;0
683 KEY_A 0;0 0;0
684 KEY_A 0;0 0;0
685 KEY_A 0;0 0;0
686 KEY_A 0;0 0;0
687 KEY_A 0;0 0;0
688 KEY_A 0;0 0;0
689 KEY_A 0;0 0;0
690 KEY_A 0;0 0;0
691 KEY_A 0;0 0;0
692 KEY_A 0;0 0;0
693 KEY_A 0;0 0;0
694 KEY_A 0;0 0;0
695 KEY_A 0;0 0;0
696 KEY_A 0;0 0;0
697 KEY_A 0;0 0;0
698 KEY_A 0;0 0;0
699 KEY_A 0;0 0;0
700 KEY_A 0;0 0;0
701 KEY_A 0;0 0;0
702 KEY_A 0;0 0;0
703 KEY_A 0;0 0;0
704 KEY_A 0;0 0;0
705 KEY_A 0;0 0;0
706 KEY_A 0;0 0;0
707 KEY_A 0;0 0;0
708 KEY_A 0;0 0;0
709 KEY_A 0;0 0;0
710 KEY_A 0;0 0;0
711 KEY_A 0;0 0;0
712 KEY_A 0;0 0;0
713 KEY_A 0;0 0;0
714 KEY_A 0;0 0;0
715 KEY_A 0;0 0;0
716 KEY_A 0;0 0;0
717 KEY_A 0;0 0;0
718 KEY_A 0;0 0;0
719 KEY_A 0;0 0;0
720 KEY_A 0;0 0;0
721 KEY_A 0;0 0;0
722 KEY_A 0;0 0;0
723 KEY_A 0;0 0;0
725 KEY_A 0;0 0;0
727 KEY_A 0;0 0;0
729 KEY_A 0;0 0;0
731 KEY_A 0;0 0;0
733 KEY_A 0;0 0;0
735 KEY_A 0;0 0;0
737 KEY_A 0;0 0;0
739 KEY_A 0;0 0;0
741 KEY_A 0;0 0;0
743 KEY_A 0;0 0;0
745 KEY_A 0;0 0;0
747 KEY_A 0;0 0;0
749 KEY_A 0;0 0;0
751 KEY_A 0;0 0;0
753 KEY_A 0;0 0;0
755 KEY_A 0;0 0;0
757 KEY_A 0;0 0;0
759 KEY_A 0;0 0;0
761 KEY_A 0;0 0;0
763 KEY_A 0;0 0;0
765 KEY_A 0;0 0;0
767 KEY_A 0;0 0;0
769 KEY_A 0;0 0;0
771 KEY_A 0;0 0;0
773 KEY_A 0;0 0;0
775 KEY_A 0;0 0;0
777 KEY_A 0;0 0;0
779 KEY_A 0;0 0;0
781 KEY_A 0;0 0;0
783 KEY_A 0;0 0;0
785 KEY_A 0;0 0;0
787 KEY_A 0;0 0;0
789 KEY_A 0;0 0;0
791 KEY_A 0;0 0;0
793 KEY_A 0;0 0;0
795 KEY_A 0;0 0;0
797 KEY_A 0;0 0;0
799 KEY_A 0;0 0;0
801 KEY_A 0;0 0;0
803 KEY_A 0;0 0;0
805 KEY_A 0;0 0;0
807 KEY_A 0;0 0;0
809 KEY_A 0;0 0;0
811 KEY_A 0;0 0;0
813 KEY_A 0;0 0;0
815 KEY_A 0;0 0;0
817 KEY_A 0;0 0;0
819 KEY_A 0;0 0;0
821 KEY_A 0;0 0;0
823 KEY_A 0;0 0;0
825 KEY_A 0;0 0;0
827 KEY_A 0;0 0;0
829 KEY_A 0;0 0;0
831 KEY_A 0;0 0;0
833 KEY_A 0;0 0;0
835 KEY_A 0;0 0;0
837 KEY_A 0;0 0;0
839 KEY_A 0;0 0;0
841 KEY_A 0;0 0;0
843 KEY_A 0;0 0;0
845 KEY_A 0;0 0;0
847 KEY_A 0;0 0;0
849 KEY_A 0;0 0;0
851 KEY_A 0;0 0;0
853 KEY_A 0;0 0;0
855 KEY_A 0;0 0;0
857 KEY_A 0;0 0;0
859 KEY_A 0;0 0;0
861 KEY_A 0;0 0;0
863 KEY_A 0;0 0;0
865 KEY_A 0;0 0;0
867 KEY_A 0;0 0;0
869 KEY_A 0;0 0;0
871 KEY_A 0;0 0;0
873 KEY_A 0;0 0;0
875 KEY_A 0;0 0;0
877 KEY_A 0;0 0;0
879 KEY_A 0;0 0;0
881 KEY_A 0;0 0;0
883 KEY_A 0;0 0;0
885 KEY_A 0;0 0;0
887 KEY_A 0;0 0;0
889 KEY_A 0;0 0;0
891 KEY_A 0;0 0;0
893 KEY_A 0;0 0;0
895 KEY_A 0;0 0;0
897 KEY_A 0;0 0;0
899 KEY_A 0;0 0;0
901 KEY_A 0;0 0;0
903 KEY_A 0;0 0;0
905 KEY_A 0;0 0;0
907 KEY_A 0;0 0;0
909 KEY_A 0;0 0;0
911 KEY_A 0;0 0;0
913 KEY_A 0;0 0;0
915 KEY_A 0;0 0;0
917 KEY_A 0;0 0;0
919 KEY_A 0;0 0;0
921 KEY_A 0;0 0;0
923 KEY_A 0;0 0;0
925 KEY_A 0;0 0;0
927 KEY_A 0;0 0;0
929 KEY_A 0;0 0;0
931 KEY_A 0;0 0;0
933 KEY_A 0;0 0;0
935 KEY_A 0;0 0;0
937 KEY_A 0;0 0;0
939 KEY_A 0;0 0;0
941 KEY_A 0;0 0;0
943 KEY_A 0;0 0;0
945 KEY_A 0;0 0;0
947 KEY_A 0;0 0;0
949 KEY_A 0;0 0;0
951 KEY_A 0;0 0;0
953 KEY_A 0;0 0;0
955 KEY_A 0;0 0;0
957 KEY_A 0;0 0;0
959 KEY_A 0;0 0;0
961 KEY_A 0;0 0;0
963 KEY_A 0;0 0;0
965 KEY_A 0;0 0;0
967 KEY_A 0;0 0;0
969 KEY_A 0;0 0;0
971 KEY_A 0;0 0;0
973 KEY_A 0;0 0;0
975 KEY_A 0;0 0;0
977 KEY_A 0;0 0;0
979 KEY_A 0;0 0;0
981 KEY_A 0;0 0;0
983 KEY_A 0;0 0;0
985 KEY_A 0;0 0;0
987 KEY_A 0;0 0;0
989 KEY_A 0;0 0;0
991 KEY_A 0;0 0;0
993 KEY_A 0;0 0;0
995 KEY_A 0;0 0;0
997 KEY_A 0;0 0;0
999 KEY_A 0;0 0;0
1001 KEY_A 0;0 0;0
1003 KEY_A 0;0 0;0
1005 KEY_A 0;0 0;0
1007 KEY_A 0;0 0;0
1009 KEY_A 0;0 0;0
1011 KEY_A 0;0 0;0
1013 KEY_A 0;0 0;0
1015 KEY_A 0;0 0;0
1017 KEY_A 0;0 0;0
1019 KEY_A 0;0 0;0
1021 KEY_A 0;0 0;0
1023 KEY_A 0;0 0;0
1025 KEY_A 0;0 0;0
1027 KEY_A 0;0 0;0
1029 KEY_A 0;0 0;0
1031 KEY_A 0;0 0;0
1033 KEY_A 0;0 0;0
1035 KEY_A 0;0 0;0
1037 KEY_A 0;0 0;0
1039 KEY_A 0;0 0;0
1041 KEY_A 0;0 0;0
1043 KEY_A 0;0 0;0
1045 KEY_A 0;0 0;0
1047 KEY_A 0;0 0;0
1049 KEY_A 0;0 0;0
1051 KEY_A 0;0 0;0
1053 KEY_A 0;0 0;0
1055 KEY_A 0;0 0;0
1057 KEY_A 0;0 0;0
1059 KEY_A 0;0 0;0
1061 KEY_A 0;0 0;0
1063 KEY_A 0;0 0;0
1065 KEY_A 0;0 0;0
1067 KEY_A 0;0 0;0
1069 KEY_A 0;0 0;0
1071 KEY_A 0;0 0;0
1073 KEY_A 0;0 0;0
1075 KEY_A 0;0 0;0
1077 KEY_A 0;0 0;0
1079 KEY_A 0;0 0;0
1081 KEY_A 0;0 0;0
1083 KEY_A 0;0 0;0
1085 KEY_A 0;0 0;0
1087 KEY_A 0;0 0;0
1089 KEY_A 0;0 0;0
1091 KEY_A 0;0 0;0
1093 KEY_A 0;0 0;0
1095 KEY_A 0;0 0;0
1097 KEY_A 0;0 0;0
1099 KEY_A 0;0 0;0
1101 KEY_A 0;0 0;0
1103 KEY_A 0;0 0;0
1105 KEY_A 0;0 0;0
1107 KEY_A 0;0 0;0
1109 KEY_A 0;0 0;0
1111 KEY_A 0;0 0;0
1113 KEY_A 0;0 0;0
1115 KEY_A 0;0 0;0
1117 KEY_A 0;0 0;0
1119 KEY_A 0;0 0;0
1121 KEY_A 0;0 0;0
1123 KEY_A 0;0 0;0
1125 KEY_A 0;0 0;0
1127 KEY_A 0;0 0;0
1129 KEY_A 0;0 0;0
1131 KEY_A 0;0 0;0
1133 KEY_A 0;0 0;0
1135 KEY_A 0;0 0;0
1137 KEY_A 0;0 0;0
1139 KEY_A 0;0 0;0
1141 KEY_A 0;0 0;0
1143 KEY_A 0;0 0;0
1145 KEY_A 0;0 0;0
1147 KEY_A 0;0 0;0
1149 KEY_A 0;0 0;0
1151 KEY_A 0;0 0;0
1153 KEY_A 0;0 0;0
1155 KEY_A 0;0 0;0
1157 KEY_A 0;0 0;0
1159 KEY_A 0;0 0;0
1161 KEY_A 0;0 0;0
1163 KEY_A 0;0 0;0
1165 KEY_A 0;0 0;0
1167 KEY_A 0;0 0;0
1169 KEY_A 0;0 0;0
1171 KEY_A 0;0 0;0
1173 KEY_A 0;0 0;0
1175 KEY_A 0;0 0;0
1177 KEY_A 0;0 0;0
1179 KEY_A 0;0 0;0
1181 KEY_A 0;0 0;0
1183 KEY_A 0;0 0;0
1185 KEY_A 0;0 0;0
1187 KEY_A 0;0 0;0
1189 KEY_A 0;0 0;0
1191 KEY_A 0;0 0;0
1193 KEY_A 0;0 0;0
1195 KEY_A 0;0 0;0
1197 KEY_A 0;0 0;0
1199 KEY_A 0;0 0;0
1201 KEY_A 0;0 0;0
1203 KEY_A 0;0 0;0
1205 KEY_A 0;0 0;0
1207 KEY_A 0;0 0;0
1209 KEY_A 0;0 0;0
1211 KEY_A 0;0 0;0
1213 KEY_A 0;0 0;0
1215 KEY_A 0;0 0;0
1217 KEY_A 0;0 0;0
1219 KEY_A 0;0 0;0
1221 KEY_A 0;0 0;0
1223 KEY_A 0;0 0;0
1225 KEY_A 0;0 0;0
1227 KEY_A 0;0 0;0
1229 KEY_A 0;0 0;0
1231 KEY_A 0;0 0;0
1233 KEY_A 0;0 0;0
1235 KEY_A 0;0 0;0
1237 KEY_A 0;0 0;0
1239 KEY_A 0;0 0;0
1241 KEY_A 0;0 0;0
1243 KEY_A 0;0 0;0
1245 KEY_A 0;0 0;0
1247 KEY_A 0;0 0;0
1249 KEY_A 0;0 0;0
1251 KEY_A 0;0 0;0
1253 KEY_A 0;0 0;0
1255 KEY_A 0;0 0;0
1257 KEY_A 0;0 0;0
1259 KEY_A 0;0 0;0
1261 KEY_A 0;0 0;0
1263 KEY_A 0;0 0;0
1265 KEY_A 0;0 0;0
1267 KEY_A 0;0 0;0
1269 KEY_A 0;0 0;0
1271 KEY_A 0;0 0;0
1273 KEY_A 0;0 0;0
1275 KEY_A 0;0 0;0
1277 KEY_A 0;0 0;0
1279 KEY_A 0;0 0;0
1281 KEY_A 0;0 0;0
1283 KEY_A 0;0 0;0
1285 KEY_A 0;0 0;0
1287 KEY_A 0;0 0;0
1289 KEY_A 0;0 0;0
1291 KEY_A 0;0 0;0
1293 KEY_A 0;0 0;0
1295 KEY_A 0;0 0;0
1297 KEY_A 0;0 0;0
1299 KEY_A 0;0 0;0
1301 KEY_A 0;0 0;0
1303 KEY_A 0;0 0;0
1305 KEY_A 0;0 0;0
1307 KEY_A 0;0 0;0
1309 KEY_A 0;0 0;0
1311 KEY_A 0;0 0;0
1313 KEY_A 0;0 0;0
1315 KEY_A 0;0 0;0
1317 KEY_A 0;0 0;0
1319 KEY_A 0;0 0;0
1321 KEY_A 0;0 0;0
1323 KEY_A 0;0 0;0
1325 KEY_A 0;0 0;0
1327 KEY_A 0;0 0;0
1329 KEY_A 0;0 0;0
1331 KEY_A 0;0 0;0
1333 KEY_A 0;0 0;0
1335 KEY_A 0;0 0;0
1337 KEY_A 0;0 0;0
1339 KEY_A 0;0 0;0
1341 KEY_A 0;0 0;0
1343 KEY_A 0;0 0;0
1345 KEY_A 0;0 0;0
1347 KEY_A 0;0 0;0
1349 KEY_A 0;0 0;0
1351 KEY_A 0;0 0;0
1353 KEY_A 0;0 0;0
1355 KEY_A 0;0 0;0
1357 KEY_A 0;0 0;0
1359 KEY_A 0;0 0;0
1361 KEY_A 0;0 0;0
1363 KEY_A 0;0 0;0
1365 KEY_A 0;0 0;0
1367 KEY_A 0;0 0;0
1369 KEY_A 0;0 0;0
1371 KEY_A 0;0 0;0
1373 KEY_A 0;0 0;0
1375 KEY_A 0;0 0;0
1377 KEY_A 0;0 0;0
1379 KEY_A 0;0 0;0
1381 KEY_A 0;0 0;0
1383 KEY_A 0;0 0;0
1385 KEY_A 0;0 0;0
1387 KEY_A 0;0 0;0
1389 KEY_A 0;0 0;0
1391 KEY_A 0;0 0;0
1393 KEY_A 0;0 0;0
1395 KEY_A 0;0 0;0
1397 KEY_A 0;0 0;0
1399 KEY_A 0;0 0;0
1401 KEY_A 0;0 0;0
1403 KEY_A 0;0 0;0
1405 KEY_A 0;0 0;0
1407 KEY_A 0;0 0;0
1409 KEY_A 0;0 0;0
1411 KEY_A 0;0 0;0
1413 KEY_A 0;0 0;0
1415 KEY_A 0;0 0;0
1417 KEY_A 0;0 0;0
1419 KEY_A 0;0 0;0
1421 KEY_A 0;0 0;0
1423 KEY_A 0;0 0;0
1425 KEY_A 0;0 0;0
1427 KEY_A 0;0 0;0
1429 KEY_A 0;0 0;0
1431 KEY_A 0;0 0;0
1433 KEY_A 0;0 0;0
1435 KEY_A 0;0 0;0
1437 KEY_A 0;0 0;0
1439 KEY_A 0;0 0;0
1441 KEY_A 0;0 0;0
1443 KEY_A 0;0 0;0
1445 KEY_A 0;0 0;0
1447 KEY_A 0;0 0;0
1449 KEY_A 0;0 0;0
1451 KEY_A 0;0 0;0
1453 KEY_A 0;0 0;0
1455 KEY_A 0;0 0;0
1457 KEY_A 0;0 0;0
1459 KEY_A 0;0 0;0
1461 KEY_A 0;0 0;0
1463 KEY_A 0;0 0;0
1465 KEY_A 0;0 0;0
1467 KEY_A 0;0 0;0
1469 KEY_A 0;0 0;0
