0 NONE 32767;0 0;0
1 NONE 32767;0 0;0
2 NONE 32767;0 0;0
3 NONE 32767;0 0;0
4 NONE 32767;0 0;0
6 KEY_A 0;0 0;0
642 KEY_R 0;0 0;0
643 KEY_R 0;0 0;0
644 KEY_R 0;0 0;0
645 KEY_R 0;0 0;0
646 KEY_R 0;0 0;0
647 KEY_R 0;0 0;0
648 KEY_R 0;0 0;0
649 KEY_R 0;0 0;0
650 KEY_R 0;0 0;0
651 KEY_R 0;0 0;0
652 KEY_R 0;0 0;0
653 KEY_R 0;0 0;0
654 KEY_R 0;0 0;0
655 KEY_R 0;0 0;0
656 KEY_R 0;0 0;0
657 KEY_R 0;0 0;0
658 KEY_R 0;0 0;0
659 KEY_R 0;0 0;0
660 KEY_R 0;0 0;0
661 KEY_R 0;0 0;0
662 KEY_R 0;0 0;0
663 KEY_R 0;0 0;0
664 KEY_R 0;0 0;0
665 KEY_R 0;0 0;0
666 KEY_R 0;0 0;0
667 KEY_R 0;0 0;0
668 KEY_R 0;0 0;0
669 KEY_R 0;0 0;0
670 KEY_R 0;0 0;0
671 KEY_R 0;0 0;0
672 KEY_R 0;0 0;0
673 KEY_R 0;0 0;0
674 KEY_R 0;0 0;0
675 KEY_R 0;0 0;0
676 KEY_R 0;0 0;0
677 KEY_R 0;0 0;0
678 KEY_R 0;0 0;0
679 KEY_R 0;0 0;0
680 KEY_R 0;0 0;0
681 KEY_R 0;0 0;0
682 KEY_R 0;0 0;0
683 KEY_R 0;0 0;0
684 KEY_R 0;0 0;0
685 KEY_R 0;0 0;0
686 KEY_R 0;0 0;0
687 KEY_R 0;0 0;0
688 KEY_R 0;0 0;0
689 KEY_R 0;0 0;0
690 KEY_R 0;0 0;0
691 KEY_R 0;0 0;0
692 KEY_R 0;0 0;0
693 KEY_R 0;0 0;0
694 KEY_R 0;0 0;0
695 KEY_R 0;0 0;0
696 KEY_R 0;0 0;0
697 KEY_R 0;0 0;0
698 KEY_R 0;0 0;0
699 KEY_R 0;0 0;0
700 KEY_R 0;0 0;0
701 KEY_R 0;0 0;0
702 KEY_R 0;0 0;0
703 KEY_R 0;0 0;0
704 KEY_R 0;0 0;0
705 KEY_R 0;0 0;0
706 KEY_R 0;0 0;0
707 KEY_R 0;0 0;0
708 KEY_R 0;0 0;0
709 KEY_R 0;0 0;0
710 KEY_R 0;0 0;0
711 KEY_R 0;0 0;0
712 KEY_R 0;0 0;0
713 KEY_R 0;0 0;0
714 KEY_R 0;0 0;0
715 KEY_R 0;0 0;0
716 KEY_R 0;0 0;0
717 KEY_R 0;0 0;0
718 KEY_R 0;0 0;0
719 KEY_R 0;0 0;0
720 KEY_R 0;0 0;0
721 KEY_R 0;0 0;0
722 KEY_R 0;0 0;0
723 KEY_R 0;0 0;0
724 KEY_R 0;0 0;0
725 KEY_R 0;0 0;0
726 KEY_R 0;0 0;0
727 KEY_R 0;0 0;0
728 KEY_R 0;0 0;0
729 KEY_R 0;0 0;0
730 KEY_R 0;0 0;0
731 KEY_R 0;0 0;0
732 KEY_R 0;0 0;0
733 KEY_R 0;0 0;0
734 KEY_R 0;0 0;0
735 KEY_R 0;0 0;0
736 KEY_R 0;0 0;0
737 KEY_R 0;0 0;0
738 KEY_R 0;0 0;0
739 KEY_R 0;0 0;0
740 KEY_R 0;0 0;0
741 KEY_R 0;0 0;0
742 KEY_R 0;0 0;0
743 KEY_R 0;0 0;0
744 KEY_R 0;0 0;0
745 KEY_R 0;0 0;0
746 KEY_R 0;0 0;0
747 KEY_R 0;0 0;0
748 KEY_R 0;0 0;0
749 KEY_R 0;0 0;0
750 KEY_R 0;0 0;0
751 KEY_R 0;0 0;0
752 KEY_R 0;0 0;0
753 KEY_R 0;0 0;0
754 KEY_R 0;0 0;0
755 KEY_R 0;0 0;0
756 KEY_R 0;0 0;0
757 KEY_R 0;0 0;0
758 KEY_R 0;0 0;0
759 KEY_R 0;0 0;0
760 KEY_A;KEY_R 0;0 0;0
762 KEY_A 0;0 0;0
764 KEY_A 0;0 0;0
766 KEY_A 0;0 0;0
768 KEY_A 0;0 0;0
770 KEY_A 0;0 0;0
772 KEY_A 0;0 0;0
774 KEY_A 0;0 0;0
776 KEY_A 0;0 0;0
778 KEY_A 0;0 0;0
780 KEY_A 0;0 0;0
782 KEY_A 0;0 0;0
784 KEY_A 0;0 0;0
786 KEY_A 0;0 0;0
788 KEY_A 0;0 0;0
790 KEY_A 0;0 0;0
792 KEY_A 0;0 0;0
794 KEY_A 0;0 0;0
796 KEY_A 0;0 0;0
798 KEY_A 0;0 0;0
800 KEY_A 0;0 0;0
802 KEY_A 0;0 0;0
804 KEY_A 0;0 0;0
806 KEY_A 0;0 0;0
808 KEY_A 0;0 0;0
810 KEY_A 0;0 0;0
812 KEY_A 0;0 0;0
814 KEY_A 0;0 0;0
816 KEY_A 0;0 0;0
818 KEY_A 0;0 0;0
820 KEY_A 0;0 0;0
822 KEY_A 0;0 0;0
824 KEY_A 0;0 0;0
826 KEY_A 0;0 0;0
828 KEY_A 0;0 0;0
830 KEY_A 0;0 0;0
832 KEY_A 0;0 0;0
834 KEY_A 0;0 0;0
836 KEY_A 0;0 0;0
838 KEY_A 0;0 0;0
840 KEY_A 0;0 0;0
842 KEY_A 0;0 0;0
844 KEY_A 0;0 0;0
846 KEY_A 0;0 0;0
848 KEY_A 0;0 0;0
850 KEY_A 0;0 0;0
852 KEY_A 0;0 0;0
854 KEY_A 0;0 0;0
856 KEY_A 0;0 0;0
858 KEY_A 0;0 0;0
860 KEY_A 0;0 0;0
862 KEY_A 0;0 0;0
864 KEY_A 0;0 0;0
866 KEY_A 0;0 0;0
868 KEY_A 0;0 0;0
870 KEY_A 0;0 0;0
872 KEY_A 0;0 0;0
874 KEY_A 0;0 0;0
876 KEY_A 0;0 0;0
878 KEY_A 0;0 0;0
880 KEY_A 0;0 0;0
882 KEY_A 0;0 0;0
884 KEY_A 0;0 0;0
886 KEY_A 0;0 0;0
888 KEY_A 0;0 0;0
890 KEY_A 0;0 0;0
892 KEY_A 0;0 0;0
894 KEY_A 0;0 0;0
896 KEY_A 0;0 0;0
898 KEY_A 0;0 0;0
900 KEY_A 0;0 0;0
902 KEY_A 0;0 0;0
904 KEY_A 0;0 0;0
906 KEY_A 0;0 0;0
908 KEY_A 0;0 0;0
910 KEY_A 0;0 0;0
912 KEY_A 0;0 0;0
914 KEY_A 0;0 0;0
916 KEY_A 0;0 0;0
918 KEY_A 0;0 0;0
920 KEY_A 0;0 0;0
922 KEY_A 0;0 0;0
924 KEY_A 0;0 0;0
926 KEY_A 0;0 0;0
927 KEY_R 0;0 0;0
928 KEY_A 0;0 0;0
930 KEY_A 0;0 0;0
932 KEY_A 0;0 0;0
934 KEY_A 0;0 0;0
936 KEY_A 0;0 0;0
938 KEY_A 0;0 0;0
940 KEY_A 0;0 0;0
942 KEY_A 0;0 0;0
944 KEY_A 0;0 0;0
946 KEY_A 0;0 0;0
948 KEY_A 0;0 0;0
950 KEY_A 0;0 0;0
952 KEY_A 0;0 0;0
954 KEY_A 0;0 0;0
956 KEY_A 0;0 0;0
958 KEY_A 0;0 0;0
960 KEY_A 0;0 0;0
962 KEY_A 0;0 0;0
964 KEY_A 0;0 0;0
966 KEY_A 0;0 0;0
968 KEY_A 0;0 0;0
970 KEY_A 0;0 0;0
972 KEY_A 0;0 0;0
974 KEY_A 0;0 0;0
976 KEY_A 0;0 0;0
978 KEY_A 0;0 0;0
980 KEY_A 0;0 0;0
982 KEY_A 0;0 0;0
984 KEY_A 0;0 0;0
986 KEY_A 0;0 0;0
988 KEY_A 0;0 0;0
990 KEY_A 0;0 0;0
992 KEY_A 0;0 0;0
994 KEY_A 0;0 0;0
996 KEY_A 0;0 0;0
998 KEY_A 0;0 0;0
1000 KEY_A 0;0 0;0
1002 KEY_A 0;0 0;0
1004 KEY_A 0;0 0;0
1006 KEY_A 0;0 0;0
1008 KEY_A 0;0 0;0
1010 KEY_A 0;0 0;0
1012 KEY_A 0;0 0;0
1014 KEY_A 0;0 0;0
1016 KEY_A 0;0 0;0
1018 KEY_A 0;0 0;0
1020 KEY_A 0;0 0;0
1022 KEY_A 0;0 0;0
1024 KEY_A 0;0 0;0
1026 KEY_A 0;0 0;0
1028 KEY_A 0;0 0;0
1030 KEY_A 0;0 0;0
1032 KEY_A 0;0 0;0
1034 KEY_A 0;0 0;0
1036 KEY_A 0;0 0;0
1038 KEY_A 0;0 0;0
1040 KEY_A 0;0 0;0
1042 KEY_A 0;0 0;0
1044 KEY_A 0;0 0;0
1046 KEY_A 0;0 0;0
1048 KEY_A 0;0 0;0
1050 KEY_A 0;0 0;0
1052 KEY_A 0;0 0;0
1054 KEY_A 0;0 0;0
1056 KEY_A 0;0 0;0
1058 KEY_A 0;0 0;0
1060 KEY_A 0;0 0;0
1062 KEY_A 0;0 0;0
1064 KEY_A 0;0 0;0
1066 KEY_A 0;0 0;0
1068 KEY_A 0;0 0;0
1070 KEY_A 0;0 0;0
1072 KEY_A 0;0 0;0
1074 KEY_A 0;0 0;0
1076 KEY_A 0;0 0;0
1078 KEY_A 0;0 0;0
1080 KEY_A 0;0 0;0
1082 KEY_A 0;0 0;0
1084 KEY_A 0;0 0;0
1086 KEY_A 0;0 0;0
1088 KEY_A 0;0 0;0
1090 KEY_A 0;0 0;0
1092 KEY_A 0;0 0;0
1094 KEY_A 0;0 0;0
1096 KEY_A 0;0 0;0
1098 KEY_A 0;0 0;0
1100 KEY_A 0;0 0;0
1102 KEY_A 0;0 0;0
1104 KEY_A 0;0 0;0
1106 KEY_A 0;0 0;0
1108 KEY_A 0;0 0;0
1110 KEY_A 0;0 0;0
1112 KEY_A 0;0 0;0
1114 KEY_A 0;0 0;0
1116 KEY_A 0;0 0;0
1118 KEY_A 0;0 0;0
1120 KEY_A 0;0 0;0
1122 KEY_A 0;0 0;0
1124 KEY_A 0;0 0;0
1126 KEY_A 0;0 0;0
1128 KEY_A 0;0 0;0
1130 KEY_A 0;0 0;0
1132 KEY_A 0;0 0;0
1134 KEY_A 0;0 0;0
1136 KEY_A 0;0 0;0
1138 KEY_A 0;0 0;0
1140 KEY_A 0;0 0;0
1142 KEY_A 0;0 0;0
1144 KEY_A 0;0 0;0
1146 KEY_A;KEY_Y 0;0 0;0
1148 KEY_A 0;0 0;0
1150 KEY_A 0;0 0;0
1152 KEY_A 0;0 0;0
1154 KEY_A 0;0 0;0
1156 KEY_A 0;0 0;0
1158 KEY_A 0;0 0;0
1160 KEY_A 0;0 0;0
1162 KEY_A 0;0 0;0
1164 KEY_A 0;0 0;0
1166 KEY_A 0;0 0;0
1168 KEY_A 0;0 0;0
1170 KEY_A 0;0 0;0
1172 KEY_A 0;0 0;0
1174 KEY_A 0;0 0;0
1176 KEY_A 0;0 0;0
1178 KEY_A 0;0 0;0
1180 KEY_A 0;0 0;0
1182 KEY_A 0;0 0;0
1184 KEY_A 0;0 0;0
1186 KEY_A 0;0 0;0
1188 KEY_A 0;0 0;0
1190 KEY_A 0;0 0;0
1192 KEY_A 0;0 0;0
1194 KEY_A 0;0 0;0
1196 KEY_A 0;0 0;0
1198 KEY_A 0;0 0;0
1200 KEY_A 0;0 0;0
1202 KEY_A 0;0 0;0
1204 KEY_A 0;0 0;0
1206 KEY_A 0;0 0;0
1208 KEY_A 0;0 0;0
1210 KEY_A 0;0 0;0
1212 KEY_A 0;0 0;0
1214 KEY_A 0;0 0;0
1216 KEY_A 0;0 0;0
1218 KEY_A 0;0 0;0
1220 KEY_A 0;0 0;0
1222 KEY_A 0;0 0;0
1224 KEY_A 0;0 0;0
1226 KEY_A 0;0 0;0
1228 KEY_A 0;0 0;0
1230 KEY_A 0;0 0;0
1232 KEY_A 0;0 0;0
1234 KEY_A 0;0 0;0
1236 KEY_A 0;0 0;0
1238 KEY_A 0;0 0;0
1240 KEY_A 0;0 0;0
1242 KEY_A 0;0 0;0
1244 KEY_A 0;0 0;0
1246 KEY_A 0;0 0;0
1248 KEY_A 0;0 0;0
1250 KEY_A 0;0 0;0
1252 KEY_A 0;0 0;0
1254 KEY_A 0;0 0;0
1256 KEY_A 0;0 0;0
1258 KEY_A 0;0 0;0
1260 KEY_A 0;0 0;0
1262 KEY_A 0;0 0;0
1264 KEY_A 0;0 0;0
1266 KEY_A 0;0 0;0
1268 KEY_A 0;0 0;0
1270 KEY_A 0;0 0;0
1272 KEY_A 0;0 0;0
1274 KEY_A 0;0 0;0
1276 KEY_A 0;0 0;0
1278 KEY_A 0;0 0;0
1280 KEY_A 0;0 0;0
1282 KEY_A 0;0 0;0
1284 KEY_A 0;0 0;0
1286 KEY_A 0;0 0;0
1288 KEY_A 0;0 0;0
1290 KEY_A 0;0 0;0
1292 KEY_A 0;0 0;0
1294 KEY_A;KEY_R 0;0 0;0
1296 KEY_A 0;0 0;0
1298 KEY_A 0;0 0;0
1300 KEY_A 0;0 0;0
1302 KEY_A 0;0 0;0
1304 KEY_A 0;0 0;0
1306 KEY_A 0;0 0;0
1308 KEY_A 0;0 0;0
1310 KEY_A 0;0 0;0
1312 KEY_A 0;0 0;0
1314 KEY_A 0;0 0;0
1316 KEY_A 0;0 0;0
1318 KEY_A 0;0 0;0
1320 KEY_A 0;0 0;0
1322 KEY_A 0;0 0;0
1324 KEY_A 0;0 0;0
1326 KEY_A 0;0 0;0
1328 KEY_A 0;0 0;0
1330 KEY_A 0;0 0;0
1332 KEY_A 0;0 0;0
1334 KEY_A 0;0 0;0
1336 KEY_A 0;0 0;0
1338 KEY_A 0;0 0;0
1340 KEY_A 0;0 0;0
1342 KEY_A 0;0 0;0
1344 KEY_A 0;0 0;0
1346 KEY_A 0;0 0;0
1348 KEY_A 0;0 0;0
1350 KEY_A 0;0 0;0
1352 KEY_A 0;0 0;0
1354 KEY_A 0;0 0;0
1356 KEY_A 0;0 0;0
1358 KEY_A 0;0 0;0
1360 KEY_A 0;0 0;0
1362 KEY_A 0;0 0;0
1364 KEY_A 0;0 0;0
1366 KEY_A 0;0 0;0
1368 KEY_A 0;0 0;0
1370 KEY_A 0;0 0;0
1372 KEY_A 0;0 0;0
1374 KEY_A 0;0 0;0
1376 KEY_A 0;0 0;0
1378 KEY_A 0;0 0;0
1380 KEY_A 0;0 0;0
1382 KEY_A 0;0 0;0
1384 KEY_A 0;0 0;0
1386 KEY_A 0;0 0;0
1388 KEY_A 0;0 0;0
1390 KEY_A 0;0 0;0
1392 KEY_A 0;0 0;0
1394 KEY_A 0;0 0;0
1396 KEY_A 0;0 0;0
1398 KEY_A 0;0 0;0
1400 KEY_A 0;0 0;0
1402 KEY_A 0;0 0;0
1404 KEY_A 0;0 0;0
1406 KEY_A 0;0 0;0
1408 KEY_A 0;0 0;0
1410 KEY_A 0;0 0;0
1412 KEY_A 0;0 0;0
1414 KEY_A 0;0 0;0
1416 KEY_A 0;0 0;0
1418 KEY_A 0;0 0;0
1420 KEY_A 0;0 0;0
1422 KEY_A 0;0 0;0
1424 KEY_A 0;0 0;0
1426 KEY_A 0;0 0;0
1428 KEY_A 0;0 0;0
1430 KEY_A 0;0 0;0
1432 KEY_A 0;0 0;0
1434 KEY_A 0;0 0;0
1436 KEY_A 0;0 0;0
1438 KEY_A 0;0 0;0
1440 KEY_A 0;0 0;0
1442 KEY_A 0;0 0;0
1444 KEY_A 0;0 0;0
1446 KEY_A 0;0 0;0
1448 KEY_A 0;0 0;0
1450 KEY_A 0;0 0;0
1452 KEY_A 0;0 0;0
1454 KEY_A 0;0 0;0
1456 KEY_A 0;0 0;0
1458 KEY_A 0;0 0;0
1460 KEY_A 0;0 0;0
1462 KEY_A 0;0 0;0
1464 KEY_A 0;0 0;0
1466 KEY_A 0;0 0;0
1468 KEY_A 0;0 0;0
1470 KEY_A 0;0 0;0
1471 KEY_Y 0;0 0;0
1472 KEY_A 0;0 0;0
1474 KEY_A 0;0 0;0
1476 KEY_A 0;0 0;0
1478 KEY_A 0;0 0;0
1480 KEY_A 0;0 0;0
1482 KEY_A 0;0 0;0
1484 KEY_A 0;0 0;0
1486 KEY_A 0;0 0;0
1488 KEY_A 0;0 0;0
1490 KEY_A 0;0 0;0
1492 KEY_A 0;0 0;0
1494 KEY_A 0;0 0;0
1496 KEY_A 0;0 0;0
1498 KEY_A 0;0 0;0
1500 KEY_A 0;0 0;0
1502 KEY_A 0;0 0;0
1504 KEY_A 0;0 0;0
1506 KEY_A 0;0 0;0
1508 KEY_A 0;0 0;0
1510 KEY_A 0;0 0;0
1512 KEY_A 0;0 0;0
1514 KEY_A 0;0 0;0
1516 KEY_A 0;0 0;0
1518 KEY_A 0;0 0;0
1520 KEY_A 0;0 0;0
1522 KEY_A 0;0 0;0
1524 KEY_A 0;0 0;0
1526 KEY_A 0;0 0;0
1528 KEY_A 0;0 0;0
1530 KEY_A 0;0 0;0
1532 KEY_A 0;0 0;0
1534 KEY_A 0;0 0;0
1536 KEY_A 0;0 0;0
1538 KEY_A 0;0 0;0
1540 KEY_A 0;0 0;0
1542 KEY_A 0;0 0;0
1544 KEY_A 0;0 0;0
1546 KEY_A 0;0 0;0
1548 KEY_A 0;0 0;0
1550 KEY_A 0;0 0;0
1552 KEY_A 0;0 0;0
1554 KEY_A 0;0 0;0
1556 KEY_A 0;0 0;0
1558 KEY_A 0;0 0;0
1560 KEY_A;KEY_R 0;0 0;0
1562 KEY_A 0;0 0;0
1564 KEY_A 0;0 0;0
1566 KEY_A 0;0 0;0
1568 KEY_A 0;0 0;0
1570 KEY_A 0;0 0;0
1572 KEY_A 0;0 0;0
1574 KEY_A 0;0 0;0
1576 KEY_A 0;0 0;0
1578 KEY_A 0;0 0;0
1580 KEY_A 0;0 0;0
1582 KEY_A 0;0 0;0
1584 KEY_A 0;0 0;0
1586 KEY_A 0;0 0;0
1588 KEY_A 0;0 0;0
1590 KEY_A 0;0 0;0
1592 KEY_A 0;0 0;0
1594 KEY_A 0;0 0;0
1596 KEY_A 0;0 0;0
1598 KEY_A 0;0 0;0
1600 KEY_A 0;0 0;0
1602 KEY_A 0;0 0;0
1604 KEY_A 0;0 0;0
1606 KEY_A 0;0 0;0
1608 KEY_A 0;0 0;0
1610 KEY_A 0;0 0;0
1612 KEY_A 0;0 0;0
1614 KEY_A 0;0 0;0
1616 KEY_A 0;0 0;0
1618 KEY_A 0;0 0;0
1620 KEY_A 0;0 0;0
1622 KEY_A 0;0 0;0
1624 KEY_A 0;0 0;0
1626 KEY_A 0;0 0;0
1628 KEY_A 0;0 0;0
1630 KEY_A 0;0 0;0
1632 KEY_A 0;0 0;0
1634 KEY_A 0;0 0;0
1636 KEY_A 0;0 0;0
1638 KEY_A 0;0 0;0
1640 KEY_A 0;0 0;0
1642 KEY_A 0;0 0;0
1644 KEY_A 0;0 0;0
1646 KEY_A 0;0 0;0
1648 KEY_A 0;0 0;0
1650 KEY_A 0;0 0;0
1652 KEY_A 0;0 0;0
1654 KEY_A 0;0 0;0
1656 KEY_A 0;0 0;0
1658 KEY_A 0;0 0;0
1660 KEY_A 0;0 0;0
1662 KEY_A 0;0 0;0
1664 KEY_A 0;0 0;0
1666 KEY_A 0;0 0;0
1668 KEY_A 0;0 0;0
1670 KEY_A 0;0 0;0
1672 KEY_A 0;0 0;0
1674 KEY_A 0;0 0;0
1676 KEY_A 0;0 0;0
1678 KEY_A 0;0 0;0
1680 KEY_A 0;0 0;0
1682 KEY_A 0;0 0;0
1684 KEY_A 0;0 0;0
1686 KEY_A 0;0 0;0
1688 KEY_A 0;0 0;0
1690 KEY_A 0;0 0;0
1692 KEY_A 0;0 0;0
1694 KEY_A 0;0 0;0
1696 KEY_A 0;0 0;0
1698 KEY_A 0;0 0;0
1700 KEY_A 0;0 0;0
1702 KEY_A 0;0 0;0
1704 KEY_A 0;0 0;0
1706 KEY_A 0;0 0;0
1708 KEY_A 0;0 0;0
1710 KEY_A 0;0 0;0
1712 KEY_A 0;0 0;0
1714 KEY_A 0;0 0;0
1716 KEY_A 0;0 0;0
1718 KEY_A 0;0 0;0
1720 KEY_A 0;0 0;0
1722 KEY_A 0;0 0;0
1724 KEY_A 0;0 0;0
1726 KEY_A 0;0 0;0
1728 KEY_A 0;0 0;0
1730 KEY_A 0;0 0;0
1732 KEY_A 0;0 0;0
1734 KEY_A 0;0 0;0
1735 KEY_Y 0;0 0;0
1736 KEY_A 0;0 0;0
1738 KEY_A 0;0 0;0
1740 KEY_A 0;0 0;0
1742 KEY_A 0;0 0;0
1744 KEY_A 0;0 0;0
1746 KEY_A 0;0 0;0
1748 KEY_A 0;0 0;0
1750 KEY_A 0;0 0;0
1752 KEY_A 0;0 0;0
1754 KEY_A 0;0 0;0
1756 KEY_A 0;0 0;0
1758 KEY_A 0;0 0;0
1760 KEY_A 0;0 0;0
1762 KEY_A 0;0 0;0
1764 KEY_A 0;0 0;0
1766 KEY_A 0;0 0;0
1768 KEY_A 0;0 0;0
1770 KEY_A 0;0 0;0
1772 KEY_A 0;0 0;0
1774 KEY_A 0;0 0;0
1776 KEY_A 0;0 0;0
1778 KEY_A 0;0 0;0
1780 KEY_A 0;0 0;0
1782 KEY_A 0;0 0;0
1784 KEY_A 0;0 0;0
1786 KEY_A 0;0 0;0
1788 KEY_A 0;0 0;0
1790 KEY_A 0;0 0;0
1792 KEY_A 0;0 0;0
1794 KEY_A 0;0 0;0
1796 KEY_A 0;0 0;0
1798 KEY_A 0;0 0;0
1800 KEY_A 0;0 0;0
1802 KEY_A 0;0 0;0
1804 KEY_A 0;0 0;0
1806 KEY_A 0;0 0;0
1808 KEY_A 0;0 0;0
1810 KEY_A 0;0 0;0
1812 KEY_A 0;0 0;0
1814 KEY_A 0;0 0;0
1816 KEY_A 0;0 0;0
1818 KEY_A 0;0 0;0
1820 KEY_A 0;0 0;0
1822 KEY_A 0;0 0;0
1824 KEY_A 0;0 0;0
1826 KEY_A 0;0 0;0
1828 KEY_A 0;0 0;0
1830 KEY_A 0;0 0;0
1832 KEY_A 0;0 0;0
1834 KEY_A 0;0 0;0
1836 KEY_A 0;0 0;0
1838 KEY_A;KEY_R 0;0 0;0
1840 KEY_A 0;0 0;0
1842 KEY_A 0;0 0;0
1844 KEY_A 0;0 0;0
1846 KEY_A 0;0 0;0
1848 KEY_A 0;0 0;0
1850 KEY_A 0;0 0;0
1852 KEY_A 0;0 0;0
1854 KEY_A 0;0 0;0
1856 KEY_A 0;0 0;0
1858 KEY_A 0;0 0;0
1860 KEY_A 0;0 0;0
1862 KEY_A 0;0 0;0
1864 KEY_A 0;0 0;0
1866 KEY_A 0;0 0;0
1868 KEY_A 0;0 0;0
1870 KEY_A 0;0 0;0
1872 KEY_A 0;0 0;0
1874 KEY_A 0;0 0;0
1876 KEY_A 0;0 0;0
1878 KEY_A 0;0 0;0
1880 KEY_A 0;0 0;0
1882 KEY_A 0;0 0;0
1884 KEY_A 0;0 0;0
1886 KEY_A 0;0 0;0
1888 KEY_A 0;0 0;0
1890 KEY_A 0;0 0;0
1892 KEY_A 0;0 0;0
1894 KEY_A 0;0 0;0
1896 KEY_A 0;0 0;0
1898 KEY_A 0;0 0;0
1900 KEY_A 0;0 0;0
1902 KEY_A 0;0 0;0
1904 KEY_A 0;0 0;0
1906 KEY_A 0;0 0;0
1908 KEY_A 0;0 0;0
1910 KEY_A 0;0 0;0
1912 KEY_A 0;0 0;0
1914 KEY_A 0;0 0;0
1916 KEY_A 0;0 0;0
1918 KEY_A 0;0 0;0
1920 KEY_A 0;0 0;0
1922 KEY_A 0;0 0;0
1924 KEY_A 0;0 0;0
1926 KEY_A 0;0 0;0
1928 KEY_A 0;0 0;0
1930 KEY_A 0;0 0;0
1932 KEY_A 0;0 0;0
1934 KEY_A 0;0 0;0
1936 KEY_A 0;0 0;0
1938 KEY_A 0;0 0;0
1940 KEY_A 0;0 0;0
1942 KEY_A 0;0 0;0
1944 KEY_A 0;0 0;0
1946 KEY_A 0;0 0;0
1948 KEY_A 0;0 0;0
1950 KEY_A 0;0 0;0
1952 KEY_A 0;0 0;0
1954 KEY_A 0;0 0;0
1956 KEY_A 0;0 0;0
1958 KEY_A 0;0 0;0
1960 KEY_A 0;0 0;0
1962 KEY_A 0;0 0;0
1964 KEY_A 0;0 0;0
1966 KEY_A 0;0 0;0
1968 KEY_A 0;0 0;0
1970 KEY_A 0;0 0;0
1972 KEY_A 0;0 0;0
1974 KEY_A 0;0 0;0
1976 KEY_A 0;0 0;0
1978 KEY_A 0;0 0;0
1980 KEY_A 0;0 0;0
1982 KEY_A 0;0 0;0
1984 KEY_A 0;0 0;0
1986 KEY_A 0;0 0;0
1988 KEY_A 0;0 0;0
1990 KEY_A 0;0 0;0
1992 KEY_A 0;0 0;0
1994 KEY_A 0;0 0;0
1996 KEY_A 0;0 0;0
1998 KEY_A 0;0 0;0
2000 KEY_A 0;0 0;0
2002 KEY_A 0;0 0;0
2004 KEY_A 0;0 0;0
2006 KEY_A 0;0 0;0
2008 KEY_A 0;0 0;0
2010 KEY_A 0;0 0;0
2012 KEY_A 0;0 0;0
2014 KEY_A 0;0 0;0
2016 KEY_A 0;0 0;0
2018 KEY_A 0;0 0;0
2020 KEY_A 0;0 0;0
2022 KEY_A 0;0 0;0
2024 KEY_A 0;0 0;0
2026 KEY_A 0;0 0;0
2028 KEY_A 0;0 0;0
2030 KEY_A 0;0 0;0
2032 KEY_A 0;0 0;0
2034 KEY_A 0;0 0;0
2036 KEY_A 0;0 0;0
2038 KEY_A 0;0 0;0
2040 KEY_A 0;0 0;0
2042 KEY_A 0;0 0;0
2044 KEY_A 0;0 0;0
2046 KEY_A 0;0 0;0
2048 KEY_A 0;0 0;0
2050 KEY_A 0;0 0;0
2052 KEY_A 0;0 0;0
2054 KEY_A 0;0 0;0
2056 KEY_A 0;0 0;0
2058 KEY_A 0;0 0;0
2060 KEY_A 0;0 0;0
2062 KEY_A 0;0 0;0
2064 KEY_A 0;0 0;0
2066 KEY_A 0;0 0;0
2068 KEY_A 0;0 0;0
2070 KEY_A 0;0 0;0
2072 KEY_A 0;0 0;0
2074 KEY_A 0;0 0;0
2076 KEY_A 0;0 0;0
2078 KEY_A 0;0 0;0
2080 KEY_A 0;0 0;0
2082 KEY_A 0;0 0;0
2084 KEY_A 0;0 0;0
2086 KEY_A 0;0 0;0
2088 KEY_A 0;0 0;0
2090 KEY_A 0;0 0;0
2092 KEY_A 0;0 0;0
2094 KEY_A 0;0 0;0
2096 KEY_A 0;0 0;0
2098 KEY_A 0;0 0;0
2100 KEY_A 0;0 0;0
2102 KEY_A 0;0 0;0
2104 KEY_A 0;0 0;0
2106 KEY_A 0;0 0;0
2108 KEY_A 0;0 0;0
2110 KEY_A 0;0 0;0
2112 KEY_A 0;0 0;0
2114 KEY_A 0;0 0;0
2116 KEY_A 0;0 0;0
2118 KEY_A 0;0 0;0
2120 KEY_A 0;0 0;0
2122 KEY_A 0;0 0;0
2124 KEY_A 0;0 0;0
2126 KEY_A 0;0 0;0
2128 KEY_A 0;0 0;0
2130 KEY_A 0;0 0;0
2132 KEY_A 0;0 0;0
2134 KEY_A 0;0 0;0
2136 KEY_A 0;0 0;0
2138 KEY_A 0;0 0;0
2140 KEY_A 0;0 0;0
2142 KEY_A 0;0 0;0
2144 KEY_A 0;0 0;0
2146 KEY_A 0;0 0;0
2148 KEY_A 0;0 0;0
2150 KEY_A 0;0 0;0
2152 KEY_A 0;0 0;0
2154 KEY_A 0;0 0;0
2156 KEY_A 0;0 0;0
2158 KEY_A 0;0 0;0
2160 KEY_A 0;0 0;0
2162 KEY_A 0;0 0;0
2164 KEY_A 0;0 0;0
2166 KEY_A 0;0 0;0
2168 KEY_A 0;0 0;0
2170 KEY_A 0;0 0;0
2172 KEY_A 0;0 0;0
2174 KEY_A 0;0 0;0
2176 KEY_A 0;0 0;0
2178 KEY_A 0;0 0;0
2180 KEY_A 0;0 0;0
2182 KEY_A 0;0 0;0
2184 KEY_A 0;0 0;0
2186 KEY_A 0;0 0;0
2188 KEY_A 0;0 0;0
2190 KEY_A 0;0 0;0
2192 KEY_A 0;0 0;0
2194 KEY_A 0;0 0;0
2196 KEY_A 0;0 0;0
2198 KEY_A 0;0 0;0
2200 KEY_A 0;0 0;0
2202 KEY_A 0;0 0;0
2204 KEY_A 0;0 0;0
2206 KEY_A 0;0 0;0
2208 KEY_A 0;0 0;0
2210 KEY_A 0;0 0;0
2212 KEY_A 0;0 0;0
2214 KEY_A 0;0 0;0
2216 KEY_A 0;0 0;0
2218 KEY_A 0;0 0;0
2220 KEY_A 0;0 0;0
2222 KEY_A 0;0 0;0
2224 KEY_A 0;0 0;0
2226 KEY_A 0;0 0;0
2228 KEY_A 0;0 0;0
2230 KEY_A 0;0 0;0
2232 KEY_A 0;0 0;0
2234 KEY_A 0;0 0;0
2236 KEY_A 0;0 0;0
2238 KEY_A 0;0 0;0
2240 KEY_A 0;0 0;0
2242 KEY_A 0;0 0;0
2244 KEY_A 0;0 0;0
2246 KEY_A 0;0 0;0
2248 KEY_A 0;0 0;0
2250 KEY_A 0;0 0;0
2252 KEY_A 0;0 0;0
2254 KEY_A 0;0 0;0
2256 KEY_A 0;0 0;0
2258 KEY_A 0;0 0;0
2260 KEY_A 0;0 0;0
2262 KEY_A 0;0 0;0
2264 KEY_A 0;0 0;0
2266 KEY_A 0;0 0;0
2268 KEY_A 0;0 0;0
2270 KEY_A 0;0 0;0
2272 KEY_A 0;0 0;0
2274 KEY_A 0;0 0;0
2276 KEY_A 0;0 0;0
2278 KEY_A 0;0 0;0
2280 KEY_A 0;0 0;0
2282 KEY_A 0;0 0;0
2284 KEY_A 0;0 0;0
2286 KEY_A 0;0 0;0
2288 KEY_A 0;0 0;0
2290 KEY_A 0;0 0;0
2292 KEY_A 0;0 0;0
2294 KEY_A 0;0 0;0
2296 KEY_A 0;0 0;0
2298 KEY_A 0;0 0;0
2300 KEY_A 0;0 0;0
2302 KEY_A 0;0 0;0
2304 KEY_A 0;0 0;0
2306 KEY_A 0;0 0;0
2308 KEY_A 0;0 0;0
2310 KEY_A 0;0 0;0
2312 KEY_A 0;0 0;0
2314 KEY_A 0;0 0;0
2316 KEY_A 0;0 0;0
2318 KEY_A 0;0 0;0
2320 KEY_A 0;0 0;0
2322 KEY_A 0;0 0;0
2324 KEY_A 0;0 0;0
2326 KEY_A 0;0 0;0
2328 KEY_A 0;0 0;0
2330 KEY_A 0;0 0;0
2332 KEY_A 0;0 0;0
2334 KEY_A 0;0 0;0
2336 KEY_A 0;0 0;0
2338 KEY_A 0;0 0;0
2340 KEY_A 0;0 0;0
2342 KEY_A 0;0 0;0
2344 KEY_A 0;0 0;0
2346 KEY_A 0;0 0;0
2348 KEY_A 0;0 0;0
2350 KEY_A 0;0 0;0
2352 KEY_A 0;0 0;0
2354 KEY_A 0;0 0;0
2356 KEY_A 0;0 0;0
2358 KEY_A 0;0 0;0
2360 KEY_A 0;0 0;0
2362 KEY_A 0;0 0;0
2364 KEY_A 0;0 0;0
2366 KEY_A 0;0 0;0
2368 KEY_A 0;0 0;0
2370 KEY_A 0;0 0;0
2372 KEY_A 0;0 0;0
2374 KEY_A 0;0 0;0
2376 KEY_A 0;0 0;0
2378 KEY_A 0;0 0;0
2380 KEY_A 0;0 0;0
2382 KEY_A 0;0 0;0
2384 KEY_A 0;0 0;0
2386 KEY_A 0;0 0;0
2388 KEY_A 0;0 0;0
2390 KEY_A 0;0 0;0
2392 KEY_A 0;0 0;0
2394 KEY_A 0;0 0;0
2396 KEY_A 0;0 0;0
2398 KEY_A 0;0 0;0
2400 KEY_A 0;0 0;0
2402 KEY_A 0;0 0;0
2404 KEY_A 0;0 0;0
2406 KEY_A 0;0 0;0
2408 KEY_A 0;0 0;0
2410 KEY_A 0;0 0;0
2412 KEY_A 0;0 0;0
2414 KEY_A 0;0 0;0
2416 KEY_A 0;0 0;0
2418 KEY_A 0;0 0;0
2420 KEY_A 0;0 0;0
2422 KEY_A 0;0 0;0
2424 KEY_A 0;0 0;0
2426 KEY_A 0;0 0;0
2428 KEY_A 0;0 0;0
2430 KEY_A 0;0 0;0
2432 KEY_A 0;0 0;0
2434 KEY_A 0;0 0;0
2436 KEY_A 0;0 0;0
2438 KEY_A 0;0 0;0
2440 KEY_A 0;0 0;0
2442 KEY_A 0;0 0;0
2444 KEY_A 0;0 0;0
2446 KEY_A 0;0 0;0
2448 KEY_A 0;0 0;0
2450 KEY_A 0;0 0;0
2452 KEY_A 0;0 0;0
2454 KEY_A 0;0 0;0
2456 KEY_A 0;0 0;0
2458 KEY_A 0;0 0;0
2460 KEY_A 0;0 0;0
2462 KEY_A 0;0 0;0
2464 KEY_A 0;0 0;0
2466 KEY_A 0;0 0;0
2468 KEY_A 0;0 0;0
2470 KEY_A 0;0 0;0
2472 KEY_A 0;0 0;0
2474 KEY_A 0;0 0;0
2476 KEY_A 0;0 0;0
2478 KEY_A 0;0 0;0
2480 KEY_A 0;0 0;0
2482 KEY_A 0;0 0;0
2484 KEY_A 0;0 0;0
2486 KEY_A 0;0 0;0
2488 KEY_A 0;0 0;0
2490 KEY_A 0;0 0;0
2492 KEY_A 0;0 0;0
2494 KEY_A 0;0 0;0
2496 KEY_A 0;0 0;0
2498 KEY_A 0;0 0;0
2500 KEY_A 0;0 0;0
2502 KEY_A 0;0 0;0
2504 KEY_A 0;0 0;0
2506 KEY_A 0;0 0;0
2508 KEY_A 0;0 0;0
2510 KEY_A 0;0 0;0
2512 KEY_A 0;0 0;0
2514 KEY_A 0;0 0;0
2516 KEY_A 0;0 0;0
2518 KEY_A 0;0 0;0
2520 KEY_A 0;0 0;0
2522 KEY_A 0;0 0;0
2524 KEY_A 0;0 0;0
2526 KEY_A 0;0 0;0
2528 KEY_A 0;0 0;0
2530 KEY_A 0;0 0;0
2532 KEY_A 0;0 0;0
2534 KEY_A 0;0 0;0
2536 KEY_A 0;0 0;0
2538 KEY_A 0;0 0;0
2540 KEY_A 0;0 0;0
2542 KEY_A 0;0 0;0
2544 KEY_A 0;0 0;0
2546 KEY_A 0;0 0;0
2548 KEY_A 0;0 0;0
2550 KEY_A 0;0 0;0
2552 KEY_A 0;0 0;0
2554 KEY_A 0;0 0;0
2556 KEY_A 0;0 0;0
2558 KEY_A 0;0 0;0
2560 KEY_A 0;0 0;0
2562 KEY_A 0;0 0;0
2564 KEY_A 0;0 0;0
2566 KEY_A 0;0 0;0
2568 KEY_A 0;0 0;0
2570 KEY_A 0;0 0;0
2572 KEY_A 0;0 0;0
2574 KEY_A 0;0 0;0
2576 KEY_A 0;0 0;0
2578 KEY_A 0;0 0;0
2580 KEY_A 0;0 0;0
2582 KEY_A 0;0 0;0
2584 KEY_A 0;0 0;0
2586 KEY_A 0;0 0;0
2588 KEY_A 0;0 0;0
2590 KEY_A 0;0 0;0
2592 KEY_A 0;0 0;0
2594 KEY_A 0;0 0;0
2596 KEY_A 0;0 0;0
2598 KEY_A 0;0 0;0
2600 KEY_A 0;0 0;0
2602 KEY_A 0;0 0;0
2604 KEY_A 0;0 0;0
2606 KEY_A 0;0 0;0
2608 KEY_A 0;0 0;0
2610 KEY_A 0;0 0;0
2612 KEY_A 0;0 0;0
2614 KEY_A 0;0 0;0
2616 KEY_A 0;0 0;0
2618 KEY_A 0;0 0;0
2620 KEY_A 0;0 0;0
2622 KEY_A 0;0 0;0
2624 KEY_A 0;0 0;0
2626 KEY_A 0;0 0;0
2628 KEY_A 0;0 0;0
2630 KEY_A 0;0 0;0
2632 KEY_A 0;0 0;0
2634 KEY_A 0;0 0;0
2636 KEY_A 0;0 0;0
2638 KEY_A 0;0 0;0
2640 KEY_A 0;0 0;0
2642 KEY_A 0;0 0;0
2644 KEY_A 0;0 0;0
2646 KEY_A 0;0 0;0
2648 KEY_A 0;0 0;0
2650 KEY_A 0;0 0;0
2652 KEY_A 0;0 0;0
2654 KEY_A 0;0 0;0
2656 KEY_A 0;0 0;0
2658 KEY_A 0;0 0;0
2660 KEY_A 0;0 0;0
2662 KEY_A 0;0 0;0
2664 KEY_A 0;0 0;0
2666 KEY_A 0;0 0;0
2668 KEY_A 0;0 0;0
2670 KEY_A 0;0 0;0
2672 KEY_A 0;0 0;0
2674 KEY_A 0;0 0;0
2676 KEY_A 0;0 0;0
2678 KEY_A 0;0 0;0
2680 KEY_A 0;0 0;0
2682 KEY_A 0;0 0;0
2684 KEY_A 0;0 0;0
2686 KEY_A 0;0 0;0
2688 KEY_A 0;0 0;0
2690 KEY_A 0;0 0;0
2692 KEY_A 0;0 0;0
2694 KEY_A 0;0 0;0
2696 KEY_A 0;0 0;0
2698 KEY_A 0;0 0;0
2700 KEY_A 0;0 0;0
2702 KEY_A 0;0 0;0
2704 KEY_A 0;0 0;0
2706 KEY_A 0;0 0;0
2708 KEY_A 0;0 0;0
2710 KEY_A 0;0 0;0
2712 KEY_A 0;0 0;0
2714 KEY_A 0;0 0;0
2716 KEY_A 0;0 0;0
2718 KEY_A 0;0 0;0
2720 KEY_A 0;0 0;0
2722 KEY_A 0;0 0;0
2724 KEY_A 0;0 0;0
2726 KEY_A 0;0 0;0
2728 KEY_A 0;0 0;0
2730 KEY_A 0;0 0;0
2732 KEY_A 0;0 0;0
2734 KEY_A 0;0 0;0
2736 KEY_A 0;0 0;0
2738 KEY_A 0;0 0;0
2740 KEY_A 0;0 0;0
2742 KEY_A 0;0 0;0
2744 KEY_A 0;0 0;0
2746 KEY_A 0;0 0;0
2748 KEY_A 0;0 0;0
2750 KEY_A 0;0 0;0
2752 KEY_A 0;0 0;0
2754 KEY_A 0;0 0;0
2756 KEY_A 0;0 0;0
2758 KEY_A 0;0 0;0
2760 KEY_A 0;0 0;0
2762 KEY_A 0;0 0;0
2764 KEY_A 0;0 0;0
2766 KEY_A 0;0 0;0
2768 KEY_A 0;0 0;0
2770 KEY_A 0;0 0;0
2772 KEY_A 0;0 0;0
2774 KEY_A 0;0 0;0
2776 KEY_A 0;0 0;0
2778 KEY_A 0;0 0;0
2780 KEY_A 0;0 0;0
2782 KEY_A 0;0 0;0
2784 KEY_A 0;0 0;0
2786 KEY_A 0;0 0;0
2788 KEY_A 0;0 0;0
2790 KEY_A 0;0 0;0
2792 KEY_A 0;0 0;0
2794 KEY_A 0;0 0;0
2796 KEY_A 0;0 0;0
2798 KEY_A 0;0 0;0
2800 KEY_A 0;0 0;0
2802 KEY_A 0;0 0;0
2804 KEY_A 0;0 0;0
2806 KEY_A 0;0 0;0
2808 KEY_A 0;0 0;0
2810 KEY_A 0;0 0;0
2812 KEY_A 0;0 0;0
2814 KEY_A 0;0 0;0
2816 KEY_A 0;0 0;0
2818 KEY_A 0;0 0;0
2820 KEY_A 0;0 0;0
2822 KEY_A 0;0 0;0
2824 KEY_A 0;0 0;0
2826 KEY_A 0;0 0;0
2828 KEY_A 0;0 0;0
2830 KEY_A 0;0 0;0
2832 KEY_A 0;0 0;0
2834 KEY_A 0;0 0;0
2836 KEY_A 0;0 0;0
2838 KEY_A 0;0 0;0
2840 KEY_A 0;0 0;0
2842 KEY_A 0;0 0;0
2844 KEY_A 0;0 0;0
2846 KEY_A 0;0 0;0
2848 KEY_A 0;0 0;0
2850 KEY_A 0;0 0;0
2852 KEY_A 0;0 0;0
2854 KEY_A 0;0 0;0
2856 KEY_A 0;0 0;0
2858 KEY_A 0;0 0;0
2860 KEY_A 0;0 0;0
2862 KEY_A 0;0 0;0
2864 KEY_A 0;0 0;0
2866 KEY_A 0;0 0;0
2868 KEY_A 0;0 0;0
2870 KEY_A 0;0 0;0
2872 KEY_A 0;0 0;0
2874 KEY_A 0;0 0;0
2876 KEY_A 0;0 0;0
2878 KEY_A 0;0 0;0
2880 KEY_A 0;0 0;0
2882 KEY_A 0;0 0;0
2884 KEY_A 0;0 0;0
2886 KEY_A 0;0 0;0
2888 KEY_A 0;0 0;0
2890 KEY_A 0;0 0;0
2892 KEY_A 0;0 0;0
2894 KEY_A 0;0 0;0
2896 KEY_A 0;0 0;0
2898 KEY_A 0;0 0;0
2900 KEY_A 0;0 0;0
2902 KEY_A 0;0 0;0
2904 KEY_A 0;0 0;0
2906 KEY_A 0;0 0;0
2908 KEY_A 0;0 0;0
2910 KEY_A 0;0 0;0
2912 KEY_A 0;0 0;0
2914 KEY_A 0;0 0;0
2916 KEY_A 0;0 0;0
2918 KEY_A 0;0 0;0
2920 KEY_A 0;0 0;0
2922 KEY_A 0;0 0;0
2924 KEY_A 0;0 0;0
2926 KEY_A 0;0 0;0
2928 KEY_A 0;0 0;0
2930 KEY_A 0;0 0;0
2932 KEY_A 0;0 0;0
2934 KEY_A 0;0 0;0
2936 KEY_A 0;0 0;0
2938 KEY_A 0;0 0;0
2940 KEY_A 0;0 0;0
2942 KEY_A 0;0 0;0
2944 KEY_A 0;0 0;0
2946 KEY_A 0;0 0;0
2948 KEY_A 0;0 0;0
2950 KEY_A 0;0 0;0
2952 KEY_A 0;0 0;0
2954 KEY_A 0;0 0;0
2956 KEY_A 0;0 0;0
2958 KEY_A 0;0 0;0
2960 KEY_A 0;0 0;0
2962 KEY_A 0;0 0;0
2964 KEY_A 0;0 0;0
2966 KEY_A 0;0 0;0
2968 KEY_A 0;0 0;0
2970 KEY_A 0;0 0;0
2972 KEY_A 0;0 0;0
2974 KEY_A 0;0 0;0
2976 KEY_A 0;0 0;0
2978 KEY_A 0;0 0;0
2980 KEY_A 0;0 0;0
2982 KEY_A 0;0 0;0
2984 KEY_A 0;0 0;0
2986 KEY_A 0;0 0;0
2988 KEY_A 0;0 0;0
2990 KEY_A 0;0 0;0
2992 KEY_A 0;0 0;0
2994 KEY_A 0;0 0;0
2996 KEY_A 0;0 0;0
2998 KEY_A 0;0 0;0
3000 KEY_A 0;0 0;0
3002 KEY_A 0;0 0;0
3004 KEY_A 0;0 0;0
3006 KEY_A 0;0 0;0
3008 KEY_A 0;0 0;0
3010 KEY_A 0;0 0;0
3012 KEY_A 0;0 0;0
3014 KEY_A 0;0 0;0
3016 KEY_A 0;0 0;0
3018 KEY_A 0;0 0;0
3020 KEY_A 0;0 0;0
3022 KEY_A 0;0 0;0
3024 KEY_A 0;0 0;0
3026 KEY_A 0;0 0;0
3028 KEY_A 0;0 0;0
3030 KEY_A 0;0 0;0
3032 KEY_A 0;0 0;0
3034 KEY_A 0;0 0;0
3036 KEY_A 0;0 0;0
3038 KEY_A 0;0 0;0
3040 KEY_A 0;0 0;0
3042 KEY_A 0;0 0;0
3044 KEY_A 0;0 0;0
3046 KEY_A 0;0 0;0
3048 KEY_A 0;0 0;0
3050 KEY_A 0;0 0;0
3052 KEY_A 0;0 0;0
3054 KEY_A 0;0 0;0
3056 KEY_A 0;0 0;0
3058 KEY_A 0;0 0;0
3060 KEY_A 0;0 0;0
3062 KEY_A 0;0 0;0
3064 KEY_A 0;0 0;0
3066 KEY_A 0;0 0;0
3068 KEY_A 0;0 0;0
3070 KEY_A 0;0 0;0
3072 KEY_A 0;0 0;0
3074 KEY_A 0;0 0;0
3076 KEY_A 0;0 0;0
3078 KEY_A 0;0 0;0
3080 KEY_A 0;0 0;0
3082 KEY_A 0;0 0;0
3084 KEY_A 0;0 0;0
3086 KEY_A 0;0 0;0
3088 KEY_A 0;0 0;0
3090 KEY_A 0;0 0;0
3092 KEY_A 0;0 0;0
3094 KEY_A 0;0 0;0
3096 KEY_A 0;0 0;0
3098 KEY_A 0;0 0;0
3100 KEY_A 0;0 0;0
3102 KEY_A 0;0 0;0
3104 KEY_A 0;0 0;0
3106 KEY_A 0;0 0;0
3108 KEY_A 0;0 0;0
3110 KEY_A 0;0 0;0
3112 KEY_A 0;0 0;0
3114 KEY_A 0;0 0;0
3116 KEY_A 0;0 0;0
3118 KEY_A 0;0 0;0
3120 KEY_A 0;0 0;0
3122 KEY_A 0;0 0;0
3124 KEY_A 0;0 0;0
3126 KEY_A 0;0 0;0
3128 KEY_A 0;0 0;0
3130 KEY_A 0;0 0;0
3132 KEY_A 0;0 0;0
3134 KEY_A 0;0 0;0
3136 KEY_A 0;0 0;0
3138 KEY_A 0;0 0;0
3140 KEY_A 0;0 0;0
3142 KEY_A 0;0 0;0
3144 KEY_A 0;0 0;0
3146 KEY_A 0;0 0;0
3148 KEY_A 0;0 0;0
3150 KEY_A 0;0 0;0
3152 KEY_A 0;0 0;0
3154 KEY_A 0;0 0;0
3156 KEY_A 0;0 0;0
3158 KEY_A 0;0 0;0
3160 KEY_A 0;0 0;0
3162 KEY_A 0;0 0;0
3164 KEY_A 0;0 0;0
3166 KEY_A 0;0 0;0
3168 KEY_A 0;0 0;0
3170 KEY_A 0;0 0;0
3172 KEY_A 0;0 0;0
3174 KEY_A 0;0 0;0
3176 KEY_A 0;0 0;0
3178 KEY_A 0;0 0;0
3180 KEY_A 0;0 0;0
3182 KEY_A 0;0 0;0
3184 KEY_A 0;0 0;0
3186 KEY_A 0;0 0;0
3188 KEY_A 0;0 0;0
3190 KEY_A 0;0 0;0
3192 KEY_A 0;0 0;0
3194 KEY_A 0;0 0;0
3196 KEY_A 0;0 0;0
3198 KEY_A 0;0 0;0
3200 KEY_A 0;0 0;0
3202 KEY_A 0;0 0;0
3204 KEY_A 0;0 0;0
3206 KEY_A 0;0 0;0
3208 KEY_A 0;0 0;0
3210 KEY_A 0;0 0;0
3212 KEY_A 0;0 0;0
3214 KEY_A 0;0 0;0
3216 KEY_A 0;0 0;0
3218 KEY_A 0;0 0;0
3220 KEY_A 0;0 0;0
3222 KEY_A 0;0 0;0
3224 KEY_A 0;0 0;0
3226 KEY_A 0;0 0;0
3228 KEY_A 0;0 0;0
3230 KEY_A 0;0 0;0
3232 KEY_A 0;0 0;0
3234 KEY_A 0;0 0;0
3236 KEY_A 0;0 0;0
3238 KEY_A 0;0 0;0
3240 KEY_A 0;0 0;0
3242 KEY_A 0;0 0;0
3244 KEY_A 0;0 0;0
3246 KEY_A 0;0 0;0
3248 KEY_A 0;0 0;0
3250 KEY_A 0;0 0;0
3252 KEY_A 0;0 0;0
3254 KEY_A 0;0 0;0
3256 KEY_A 0;0 0;0
3258 KEY_A 0;0 0;0
3260 KEY_A 0;0 0;0
3262 KEY_A 0;0 0;0
3264 KEY_A 0;0 0;0
3266 KEY_A 0;0 0;0
3268 KEY_A 0;0 0;0
3270 KEY_A 0;0 0;0
3272 KEY_A 0;0 0;0
3274 KEY_A 0;0 0;0
3276 KEY_A 0;0 0;0
3278 KEY_A 0;0 0;0
3280 KEY_A 0;0 0;0
3282 KEY_A 0;0 0;0
3284 KEY_A 0;0 0;0
3286 KEY_A 0;0 0;0
3288 KEY_A 0;0 0;0
3290 KEY_A 0;0 0;0
3292 KEY_A 0;0 0;0
3294 KEY_A 0;0 0;0
3296 KEY_A 0;0 0;0
3298 KEY_A 0;0 0;0
3300 KEY_A 0;0 0;0
3302 KEY_A 0;0 0;0
3304 KEY_A 0;0 0;0
3306 KEY_A 0;0 0;0
3308 KEY_A 0;0 0;0
3310 KEY_A 0;0 0;0
3312 KEY_A 0;0 0;0
3314 KEY_A 0;0 0;0
3316 KEY_A 0;0 0;0
3318 KEY_A 0;0 0;0
3320 KEY_A 0;0 0;0
3322 KEY_A 0;0 0;0
3324 KEY_A 0;0 0;0
3326 KEY_A 0;0 0;0
3328 KEY_A 0;0 0;0
3330 KEY_A 0;0 0;0
3332 KEY_A 0;0 0;0
3334 KEY_A 0;0 0;0
3336 KEY_A 0;0 0;0
3338 KEY_A 0;0 0;0
3340 KEY_A 0;0 0;0
3342 KEY_A 0;0 0;0
3344 KEY_A 0;0 0;0
3346 KEY_A 0;0 0;0
3348 KEY_A 0;0 0;0
3350 KEY_A 0;0 0;0
3352 KEY_A 0;0 0;0
3354 KEY_A 0;0 0;0
3356 KEY_A 0;0 0;0
3358 KEY_A 0;0 0;0
3360 KEY_A 0;0 0;0
3362 KEY_A 0;0 0;0
3364 KEY_A 0;0 0;0
3366 KEY_A 0;0 0;0
3368 KEY_A 0;0 0;0
3370 KEY_A 0;0 0;0
3372 KEY_A 0;0 0;0
3374 KEY_A 0;0 0;0
3376 KEY_A 0;0 0;0
3378 KEY_A 0;0 0;0
3380 KEY_A 0;0 0;0
3382 KEY_A 0;0 0;0
3384 KEY_A 0;0 0;0
3386 KEY_A 0;0 0;0
3388 KEY_A 0;0 0;0
3390 KEY_A 0;0 0;0
3392 KEY_A 0;0 0;0
3394 KEY_A 0;0 0;0
3396 KEY_A 0;0 0;0
3398 KEY_A 0;0 0;0
3400 KEY_A 0;0 0;0
3402 KEY_A 0;0 0;0
3404 KEY_A 0;0 0;0
3406 KEY_A 0;0 0;0
3408 KEY_A 0;0 0;0
3410 KEY_A 0;0 0;0
3412 KEY_A 0;0 0;0
3414 KEY_A 0;0 0;0
3416 KEY_A 0;0 0;0
3418 KEY_A 0;0 0;0
3420 KEY_A 0;0 0;0
3422 KEY_A 0;0 0;0
3424 KEY_A 0;0 0;0
3426 KEY_A 0;0 0;0
3428 KEY_A 0;0 0;0
3430 KEY_A 0;0 0;0
3432 KEY_A 0;0 0;0
3434 KEY_A 0;0 0;0
3436 KEY_A 0;0 0;0
3438 KEY_A 0;0 0;0
3440 KEY_A 0;0 0;0
3442 KEY_A 0;0 0;0
3444 KEY_A 0;0 0;0
3446 KEY_A 0;0 0;0
3448 KEY_A 0;0 0;0
3450 KEY_A 0;0 0;0
3452 KEY_A 0;0 0;0
3454 KEY_A 0;0 0;0
3456 KEY_A 0;0 0;0
3458 KEY_A 0;0 0;0
3460 KEY_A 0;0 0;0
3462 KEY_A 0;0 0;0
3464 KEY_A 0;0 0;0
3466 KEY_A 0;0 0;0
3468 KEY_A 0;0 0;0
3470 KEY_A 0;0 0;0
3472 KEY_A 0;0 0;0
3474 KEY_A 0;0 0;0
3476 KEY_A 0;0 0;0
3478 KEY_A 0;0 0;0
3480 KEY_A 0;0 0;0
3482 KEY_A 0;0 0;0
3484 KEY_A 0;0 0;0
3486 KEY_A 0;0 0;0
3488 KEY_A 0;0 0;0
3490 KEY_A 0;0 0;0
3492 KEY_A 0;0 0;0
3494 KEY_A 0;0 0;0
3496 KEY_A 0;0 0;0
3498 KEY_A 0;0 0;0
3500 KEY_A 0;0 0;0
3502 KEY_A 0;0 0;0
3504 KEY_A 0;0 0;0
3506 KEY_A 0;0 0;0
3508 KEY_A 0;0 0;0
3510 KEY_A 0;0 0;0
3512 KEY_A 0;0 0;0
3514 KEY_A 0;0 0;0
3516 KEY_A 0;0 0;0
3518 KEY_A 0;0 0;0
3520 KEY_A 0;0 0;0
3522 KEY_A 0;0 0;0
3524 KEY_A 0;0 0;0
3526 KEY_A 0;0 0;0
3528 KEY_A 0;0 0;0
3530 KEY_A 0;0 0;0
3532 KEY_A 0;0 0;0
3534 KEY_A 0;0 0;0
3536 KEY_A 0;0 0;0
3538 KEY_A 0;0 0;0
3540 KEY_A 0;0 0;0
3542 KEY_A 0;0 0;0
3544 KEY_A 0;0 0;0
3546 KEY_A 0;0 0;0
3548 KEY_A 0;0 0;0
3550 KEY_A 0;0 0;0
3552 KEY_A 0;0 0;0
3554 KEY_A 0;0 0;0
3556 KEY_A 0;0 0;0
3558 KEY_A 0;0 0;0
3560 KEY_A 0;0 0;0
3562 KEY_A 0;0 0;0
3564 KEY_A 0;0 0;0
3566 KEY_A 0;0 0;0
3568 KEY_A 0;0 0;0
3570 KEY_A 0;0 0;0
3572 KEY_A 0;0 0;0
3574 KEY_A 0;0 0;0
3576 KEY_A 0;0 0;0
3578 KEY_A 0;0 0;0
3580 KEY_A 0;0 0;0
3582 KEY_A 0;0 0;0
3584 KEY_A 0;0 0;0
3586 KEY_A 0;0 0;0
3588 KEY_A 0;0 0;0
3590 KEY_A 0;0 0;0
3592 KEY_A 0;0 0;0
3594 KEY_A 0;0 0;0
3596 KEY_A 0;0 0;0
3598 KEY_A 0;0 0;0
3600 KEY_A 0;0 0;0
3602 KEY_A 0;0 0;0
3604 KEY_A 0;0 0;0
3606 KEY_A 0;0 0;0
3608 KEY_A 0;0 0;0
3610 KEY_A 0;0 0;0
3612 KEY_A 0;0 0;0
3614 KEY_A 0;0 0;0
3616 KEY_A 0;0 0;0
3618 KEY_A 0;0 0;0
3620 KEY_A 0;0 0;0
3622 KEY_A 0;0 0;0
3624 KEY_A 0;0 0;0
3626 KEY_A 0;0 0;0
3628 KEY_A 0;0 0;0
3630 KEY_A 0;0 0;0
3632 KEY_A 0;0 0;0
3634 KEY_A 0;0 0;0
3636 KEY_A 0;0 0;0
3638 KEY_A 0;0 0;0
3640 KEY_A 0;0 0;0
3642 KEY_A 0;0 0;0
3644 KEY_A 0;0 0;0
3646 KEY_A 0;0 0;0
3648 KEY_A 0;0 0;0
3650 KEY_A 0;0 0;0
3652 KEY_A 0;0 0;0
3654 KEY_A 0;0 0;0
3656 KEY_A 0;0 0;0
3658 KEY_A 0;0 0;0
3660 KEY_A 0;0 0;0
3662 KEY_A 0;0 0;0
3664 KEY_A 0;0 0;0
3666 KEY_A 0;0 0;0
3668 KEY_A 0;0 0;0
3670 KEY_A 0;0 0;0
3672 KEY_A 0;0 0;0
3674 KEY_A 0;0 0;0
3676 KEY_A 0;0 0;0
3678 KEY_A 0;0 0;0
3680 KEY_A 0;0 0;0
3682 KEY_A 0;0 0;0
3684 KEY_A 0;0 0;0
3686 KEY_A 0;0 0;0
3688 KEY_A 0;0 0;0
3690 KEY_A 0;0 0;0
3692 KEY_A 0;0 0;0
3694 KEY_A 0;0 0;0
3696 KEY_A 0;0 0;0
3698 KEY_A 0;0 0;0
3700 KEY_A 0;0 0;0
3702 KEY_A 0;0 0;0
3704 KEY_A 0;0 0;0
3706 KEY_A 0;0 0;0
3708 KEY_A 0;0 0;0
3710 KEY_A 0;0 0;0
3712 KEY_A 0;0 0;0
3714 KEY_A 0;0 0;0
3716 KEY_A 0;0 0;0
3718 KEY_A 0;0 0;0
3720 KEY_A 0;0 0;0
3722 KEY_A 0;0 0;0
3724 KEY_A 0;0 0;0
3726 KEY_A 0;0 0;0
3728 KEY_A 0;0 0;0
3730 KEY_A 0;0 0;0
3732 KEY_A 0;0 0;0
3734 KEY_A 0;0 0;0
3736 KEY_A 0;0 0;0
3738 KEY_A 0;0 0;0
3740 KEY_A 0;0 0;0
3742 KEY_A 0;0 0;0
3744 KEY_A 0;0 0;0
3746 KEY_A 0;0 0;0
3748 KEY_A 0;0 0;0
3750 KEY_A 0;0 0;0
3752 KEY_A 0;0 0;0
3754 KEY_A 0;0 0;0
3756 KEY_A 0;0 0;0
3758 KEY_A 0;0 0;0
3760 KEY_A 0;0 0;0
3762 KEY_A 0;0 0;0
3764 KEY_A 0;0 0;0
3766 KEY_A 0;0 0;0
3768 KEY_A 0;0 0;0
3770 KEY_A 0;0 0;0
3772 KEY_A 0;0 0;0
3774 KEY_A 0;0 0;0
3776 KEY_A 0;0 0;0
3778 KEY_A 0;0 0;0
3780 KEY_A 0;0 0;0
3782 KEY_A 0;0 0;0
3784 KEY_A 0;0 0;0
3786 KEY_A 0;0 0;0
3788 KEY_A 0;0 0;0
3790 KEY_A 0;0 0;0
3792 KEY_A 0;0 0;0
3794 KEY_A 0;0 0;0
3796 KEY_A 0;0 0;0
3798 KEY_A 0;0 0;0
3800 KEY_A 0;0 0;0
3802 KEY_A 0;0 0;0
3804 KEY_A 0;0 0;0
3806 KEY_A 0;0 0;0
3808 KEY_A 0;0 0;0
3810 KEY_A 0;0 0;0
3812 KEY_A 0;0 0;0
3814 KEY_A 0;0 0;0
3816 KEY_A 0;0 0;0
3818 KEY_A 0;0 0;0
3820 KEY_A 0;0 0;0
3822 KEY_A 0;0 0;0
3824 KEY_A 0;0 0;0
3826 KEY_A 0;0 0;0
3828 KEY_A 0;0 0;0
3830 KEY_A 0;0 0;0
3832 KEY_A 0;0 0;0
3834 KEY_A 0;0 0;0
3836 KEY_A 0;0 0;0
3838 KEY_A 0;0 0;0
3840 KEY_A 0;0 0;0
3842 KEY_A 0;0 0;0
3844 KEY_A 0;0 0;0
3846 KEY_A 0;0 0;0
3848 KEY_A 0;0 0;0
3850 KEY_A 0;0 0;0
3852 KEY_A 0;0 0;0
3854 KEY_A 0;0 0;0
3856 KEY_A 0;0 0;0
3858 KEY_A 0;0 0;0
3860 KEY_A 0;0 0;0
3862 KEY_A 0;0 0;0
3864 KEY_A 0;0 0;0
3866 KEY_A 0;0 0;0
3868 KEY_A 0;0 0;0
3870 KEY_A 0;0 0;0
3872 KEY_A 0;0 0;0
3874 KEY_A 0;0 0;0
3876 KEY_A 0;0 0;0
3878 KEY_A 0;0 0;0
3880 KEY_A 0;0 0;0
3882 KEY_A 0;0 0;0
3884 KEY_A 0;0 0;0
3886 KEY_A 0;0 0;0
3888 KEY_A 0;0 0;0
3890 KEY_A 0;0 0;0
3892 KEY_A 0;0 0;0
3894 KEY_A 0;0 0;0
3896 KEY_A 0;0 0;0
3898 KEY_A 0;0 0;0
3900 KEY_A 0;0 0;0
3902 KEY_A 0;0 0;0
3904 KEY_A 0;0 0;0
3906 KEY_A 0;0 0;0
3908 KEY_A 0;0 0;0
3910 KEY_A 0;0 0;0
3912 KEY_A 0;0 0;0
3914 KEY_A 0;0 0;0
3916 KEY_A 0;0 0;0
3918 KEY_A 0;0 0;0
3920 KEY_A 0;0 0;0
3922 KEY_A 0;0 0;0
3924 KEY_A 0;0 0;0
3926 KEY_A 0;0 0;0
3928 KEY_A 0;0 0;0
3930 KEY_A 0;0 0;0
3932 KEY_A 0;0 0;0
3934 KEY_A 0;0 0;0
3936 KEY_A 0;0 0;0
3938 KEY_A 0;0 0;0
3940 KEY_A 0;0 0;0
3942 KEY_A 0;0 0;0
3944 KEY_A 0;0 0;0
3946 KEY_A 0;0 0;0
3948 KEY_A 0;0 0;0
3950 KEY_A 0;0 0;0
3952 KEY_A 0;0 0;0
3954 KEY_A 0;0 0;0
3956 KEY_A 0;0 0;0
3958 KEY_A 0;0 0;0
3960 KEY_A 0;0 0;0
3962 KEY_A 0;0 0;0
3964 KEY_A 0;0 0;0
3966 KEY_A 0;0 0;0
3968 KEY_A 0;0 0;0
3970 KEY_A 0;0 0;0
3972 KEY_A 0;0 0;0
3974 KEY_A 0;0 0;0
3976 KEY_A 0;0 0;0
3978 KEY_A 0;0 0;0
3980 KEY_A 0;0 0;0
3982 KEY_A 0;0 0;0
3984 KEY_A 0;0 0;0
3986 KEY_A 0;0 0;0
3988 KEY_A 0;0 0;0
3990 KEY_A 0;0 0;0
3992 KEY_A 0;0 0;0
3994 KEY_A 0;0 0;0
3996 KEY_A 0;0 0;0
3998 KEY_A 0;0 0;0
4000 KEY_A 0;0 0;0
4002 KEY_A 0;0 0;0
4004 KEY_A 0;0 0;0
4006 KEY_A 0;0 0;0
4008 KEY_A 0;0 0;0
4010 KEY_A 0;0 0;0
4012 KEY_A 0;0 0;0
4014 KEY_A 0;0 0;0
4016 KEY_A 0;0 0;0
4018 KEY_A 0;0 0;0
4020 KEY_A 0;0 0;0
4022 KEY_A 0;0 0;0
4024 KEY_A 0;0 0;0
4026 KEY_A 0;0 0;0
4028 KEY_A 0;0 0;0
4030 KEY_A 0;0 0;0
4032 KEY_A 0;0 0;0
4034 KEY_A 0;0 0;0
4036 KEY_A 0;0 0;0
4038 KEY_A 0;0 0;0
4040 KEY_A 0;0 0;0
4042 KEY_A 0;0 0;0
4044 KEY_A 0;0 0;0
4046 KEY_A 0;0 0;0
4048 KEY_A 0;0 0;0
4050 KEY_A 0;0 0;0
4052 KEY_A 0;0 0;0
4054 KEY_A 0;0 0;0
4056 KEY_A 0;0 0;0
4058 KEY_A 0;0 0;0
4060 KEY_A 0;0 0;0
4062 KEY_A 0;0 0;0
4064 KEY_A 0;0 0;0
4066 KEY_A 0;0 0;0
4068 KEY_A 0;0 0;0
4070 KEY_A 0;0 0;0
4072 KEY_A 0;0 0;0
4074 KEY_A 0;0 0;0
4076 KEY_A 0;0 0;0
4078 KEY_A 0;0 0;0
4080 KEY_A 0;0 0;0
4082 KEY_A 0;0 0;0
4084 KEY_A 0;0 0;0
4086 KEY_A 0;0 0;0
4088 KEY_A 0;0 0;0
4090 KEY_A 0;0 0;0
4092 KEY_A 0;0 0;0
4094 KEY_A 0;0 0;0
4096 KEY_A 0;0 0;0
4098 KEY_A 0;0 0;0
4100 KEY_A 0;0 0;0
4102 KEY_A 0;0 0;0
4104 KEY_A 0;0 0;0
4106 KEY_A 0;0 0;0
4108 KEY_A 0;0 0;0
4110 KEY_A 0;0 0;0
4112 KEY_A 0;0 0;0
4114 KEY_A 0;0 0;0
4116 KEY_A 0;0 0;0
4118 KEY_A 0;0 0;0
4120 KEY_A 0;0 0;0
4122 KEY_A 0;0 0;0
4124 KEY_A 0;0 0;0
4126 KEY_A 0;0 0;0
4128 KEY_A 0;0 0;0
4130 KEY_A 0;0 0;0
4132 KEY_A 0;0 0;0
4134 KEY_A 0;0 0;0
4136 KEY_A 0;0 0;0
4138 KEY_A 0;0 0;0
4140 KEY_A 0;0 0;0
4142 KEY_A 0;0 0;0
4144 KEY_A 0;0 0;0
4146 KEY_A 0;0 0;0
4148 KEY_A 0;0 0;0
4150 KEY_A 0;0 0;0
4152 KEY_A 0;0 0;0
4154 KEY_A 0;0 0;0
4156 KEY_A 0;0 0;0
4158 KEY_A 0;0 0;0
4160 KEY_A 0;0 0;0
4162 KEY_A 0;0 0;0
4164 KEY_A 0;0 0;0
4166 KEY_A 0;0 0;0
4168 KEY_A 0;0 0;0
4170 KEY_A 0;0 0;0
4172 KEY_A 0;0 0;0
4174 KEY_A 0;0 0;0
4176 KEY_A 0;0 0;0
4178 KEY_A 0;0 0;0
4180 KEY_A 0;0 0;0
4182 KEY_A 0;0 0;0
4184 KEY_A 0;0 0;0
4186 KEY_A 0;0 0;0
4188 KEY_A 0;0 0;0
4190 KEY_A 0;0 0;0
4192 KEY_A 0;0 0;0
4194 KEY_A 0;0 0;0
4196 KEY_A 0;0 0;0
4198 KEY_A 0;0 0;0
4200 KEY_A 0;0 0;0
4202 KEY_A 0;0 0;0
4204 KEY_A 0;0 0;0
4206 KEY_A 0;0 0;0
4208 KEY_A 0;0 0;0
4210 KEY_A 0;0 0;0
4212 KEY_A 0;0 0;0
4214 KEY_A 0;0 0;0
4216 KEY_A 0;0 0;0
4218 KEY_A 0;0 0;0
4220 KEY_A 0;0 0;0
4222 KEY_A 0;0 0;0
4224 KEY_A 0;0 0;0
4226 KEY_A 0;0 0;0
4228 KEY_A 0;0 0;0
4230 KEY_A 0;0 0;0
4232 KEY_A 0;0 0;0
4234 KEY_A 0;0 0;0
4236 KEY_A 0;0 0;0
4238 KEY_A 0;0 0;0
4240 KEY_A 0;0 0;0
4242 KEY_A 0;0 0;0
4244 KEY_A 0;0 0;0
4246 KEY_A 0;0 0;0
4248 KEY_A 0;0 0;0
4250 KEY_A 0;0 0;0
4252 KEY_A 0;0 0;0
4254 KEY_A 0;0 0;0
4256 KEY_A 0;0 0;0
4258 KEY_A 0;0 0;0
4260 KEY_A 0;0 0;0
4262 KEY_A 0;0 0;0
4264 KEY_A 0;0 0;0
4266 KEY_A 0;0 0;0
4268 KEY_A 0;0 0;0
4270 KEY_A 0;0 0;0
4272 KEY_A 0;0 0;0
4274 KEY_A 0;0 0;0
4276 KEY_A 0;0 0;0
4278 KEY_A 0;0 0;0
4280 KEY_A 0;0 0;0
4282 KEY_A 0;0 0;0
4284 KEY_A 0;0 0;0
4286 KEY_A 0;0 0;0
4288 KEY_A 0;0 0;0
4290 KEY_A 0;0 0;0
4292 KEY_A 0;0 0;0
4294 KEY_A 0;0 0;0
4296 KEY_A 0;0 0;0
4298 KEY_A 0;0 0;0
4300 KEY_A 0;0 0;0
4302 KEY_A 0;0 0;0
4304 KEY_A 0;0 0;0
4306 KEY_A 0;0 0;0
4308 KEY_A 0;0 0;0
4310 KEY_A 0;0 0;0
4312 KEY_A 0;0 0;0
4314 KEY_A 0;0 0;0
4316 KEY_A 0;0 0;0
4318 KEY_A 0;0 0;0
4320 KEY_A 0;0 0;0
4322 KEY_A 0;0 0;0
4324 KEY_A 0;0 0;0
4326 KEY_A 0;0 0;0
4328 KEY_A 0;0 0;0
4330 KEY_A 0;0 0;0
4332 KEY_A 0;0 0;0
4334 KEY_A 0;0 0;0
4336 KEY_A 0;0 0;0
4338 KEY_A 0;0 0;0
4340 KEY_A 0;0 0;0
4342 KEY_A 0;0 0;0
4344 KEY_A 0;0 0;0
4346 KEY_A 0;0 0;0
4348 KEY_A 0;0 0;0
4350 KEY_A 0;0 0;0
4352 KEY_A 0;0 0;0
4354 KEY_A 0;0 0;0
4356 KEY_A 0;0 0;0
4358 KEY_A 0;0 0;0
4360 KEY_A 0;0 0;0
4362 KEY_A 0;0 0;0
4364 KEY_A 0;0 0;0
4366 KEY_A 0;0 0;0
4368 KEY_A 0;0 0;0
4370 KEY_A 0;0 0;0
4372 KEY_A 0;0 0;0
4374 KEY_A 0;0 0;0
4376 KEY_A 0;0 0;0
4378 KEY_A 0;0 0;0
4380 KEY_A 0;0 0;0
4382 KEY_A 0;0 0;0
4384 KEY_A 0;0 0;0
4386 KEY_A 0;0 0;0
4388 KEY_A 0;0 0;0
4390 KEY_A 0;0 0;0
4392 KEY_A 0;0 0;0
4394 KEY_A 0;0 0;0
4396 KEY_A 0;0 0;0
4398 KEY_A 0;0 0;0
4400 KEY_A 0;0 0;0
4402 KEY_A 0;0 0;0
4404 KEY_A 0;0 0;0
4406 KEY_A 0;0 0;0
4408 KEY_A 0;0 0;0
4410 KEY_A 0;0 0;0
4412 KEY_A 0;0 0;0
4414 KEY_A 0;0 0;0
4416 KEY_A 0;0 0;0
4418 KEY_A 0;0 0;0
4420 KEY_A 0;0 0;0
4422 KEY_A 0;0 0;0
4424 KEY_A 0;0 0;0
4426 KEY_A 0;0 0;0
4428 KEY_A 0;0 0;0
4430 KEY_A 0;0 0;0
4432 KEY_A 0;0 0;0
4434 KEY_A 0;0 0;0
4436 KEY_A 0;0 0;0
4438 KEY_A 0;0 0;0
4440 KEY_A 0;0 0;0
4442 KEY_A 0;0 0;0
4444 KEY_A 0;0 0;0
4446 KEY_A 0;0 0;0
4448 KEY_A 0;0 0;0
4450 KEY_A 0;0 0;0
4452 KEY_A 0;0 0;0
4454 KEY_A 0;0 0;0
4456 KEY_A 0;0 0;0
4458 KEY_A 0;0 0;0
4460 KEY_A 0;0 0;0
4462 KEY_A 0;0 0;0
4464 KEY_A 0;0 0;0
4466 KEY_A 0;0 0;0
4468 KEY_A 0;0 0;0
4470 KEY_A 0;0 0;0
4472 KEY_A 0;0 0;0
4474 KEY_A 0;0 0;0
4476 KEY_A 0;0 0;0
4478 KEY_A 0;0 0;0
4480 KEY_A 0;0 0;0
4482 KEY_A 0;0 0;0
4484 KEY_A 0;0 0;0
4486 KEY_A 0;0 0;0
4488 KEY_A 0;0 0;0
4490 KEY_A 0;0 0;0
4492 KEY_A 0;0 0;0
4494 KEY_A 0;0 0;0
4496 KEY_A 0;0 0;0
4498 KEY_A 0;0 0;0
4500 KEY_A 0;0 0;0
4502 KEY_A 0;0 0;0
4504 KEY_A 0;0 0;0
4506 KEY_A 0;0 0;0
4508 KEY_A 0;0 0;0
4510 KEY_A 0;0 0;0
4512 KEY_A 0;0 0;0
4514 KEY_A 0;0 0;0
4516 KEY_A 0;0 0;0
4518 KEY_A 0;0 0;0
4520 KEY_A 0;0 0;0
4522 KEY_A 0;0 0;0
4524 KEY_A 0;0 0;0
4526 KEY_A 0;0 0;0
4528 KEY_A 0;0 0;0
4530 KEY_A 0;0 0;0
4532 KEY_A 0;0 0;0
4534 KEY_A 0;0 0;0
4536 KEY_A 0;0 0;0
4538 KEY_A 0;0 0;0
4540 KEY_A 0;0 0;0
4542 KEY_A 0;0 0;0
4544 KEY_A 0;0 0;0
4546 KEY_A 0;0 0;0
4548 KEY_A 0;0 0;0
4550 KEY_A 0;0 0;0
4552 KEY_A 0;0 0;0
4554 KEY_A 0;0 0;0
4556 KEY_A 0;0 0;0
4558 KEY_A 0;0 0;0
4560 KEY_A 0;0 0;0
4562 KEY_A 0;0 0;0
4564 KEY_A 0;0 0;0
4566 KEY_A 0;0 0;0
4568 KEY_A 0;0 0;0
4570 KEY_A 0;0 0;0
4572 KEY_A 0;0 0;0
4574 KEY_A 0;0 0;0
4576 KEY_A 0;0 0;0
4578 KEY_A 0;0 0;0
4580 KEY_A 0;0 0;0
4582 KEY_A 0;0 0;0
4584 KEY_A 0;0 0;0
4586 KEY_A 0;0 0;0
4588 KEY_A 0;0 0;0
4590 KEY_A 0;0 0;0
4592 KEY_A 0;0 0;0
4594 KEY_A 0;0 0;0
4596 KEY_A 0;0 0;0
4598 KEY_A 0;0 0;0
4600 KEY_A 0;0 0;0
4602 KEY_A 0;0 0;0
4604 KEY_A 0;0 0;0
4606 KEY_A 0;0 0;0
4608 KEY_A 0;0 0;0
4610 KEY_A 0;0 0;0
4612 KEY_A 0;0 0;0
4614 KEY_A 0;0 0;0
4616 KEY_A 0;0 0;0
4618 KEY_A 0;0 0;0
4620 KEY_A 0;0 0;0
4622 KEY_A 0;0 0;0
4624 KEY_A 0;0 0;0
4626 KEY_A 0;0 0;0
4628 KEY_A 0;0 0;0
4630 KEY_A 0;0 0;0
4632 KEY_A 0;0 0;0
4634 KEY_A 0;0 0;0
4636 KEY_A 0;0 0;0
4638 KEY_A 0;0 0;0
4640 KEY_A 0;0 0;0
4642 KEY_A 0;0 0;0
4644 KEY_A 0;0 0;0
4646 KEY_A 0;0 0;0
4648 KEY_A 0;0 0;0
4650 KEY_A 0;0 0;0
4652 KEY_A 0;0 0;0
4654 KEY_A 0;0 0;0
4656 KEY_A 0;0 0;0
4658 KEY_A 0;0 0;0
4660 KEY_A 0;0 0;0
4662 KEY_A 0;0 0;0
4664 KEY_A 0;0 0;0
4666 KEY_A 0;0 0;0
4668 KEY_A 0;0 0;0
4670 KEY_A 0;0 0;0
4672 KEY_A 0;0 0;0
4674 KEY_A 0;0 0;0
4676 KEY_A 0;0 0;0
4678 KEY_A 0;0 0;0
4680 KEY_A 0;0 0;0
4682 KEY_A 0;0 0;0
4684 KEY_A 0;0 0;0
4686 KEY_A 0;0 0;0
4688 KEY_A 0;0 0;0
4690 KEY_A 0;0 0;0
4692 KEY_A 0;0 0;0
4694 KEY_A 0;0 0;0
4696 KEY_A 0;0 0;0
4698 KEY_A 0;0 0;0
4700 KEY_A 0;0 0;0
4702 KEY_A 0;0 0;0
4704 KEY_A 0;0 0;0
4706 KEY_A 0;0 0;0
4708 KEY_A 0;0 0;0
4710 KEY_A 0;0 0;0
4712 KEY_A 0;0 0;0
4714 KEY_A 0;0 0;0
4716 KEY_A 0;0 0;0
4718 KEY_A 0;0 0;0
4720 KEY_A 0;0 0;0
4722 KEY_A 0;0 0;0
4724 KEY_A 0;0 0;0
4726 KEY_A 0;0 0;0
4728 KEY_A 0;0 0;0
4730 KEY_A 0;0 0;0
4732 KEY_A 0;0 0;0
4734 KEY_A 0;0 0;0
4736 KEY_A 0;0 0;0
4738 KEY_A 0;0 0;0
4740 KEY_A 0;0 0;0
4742 KEY_A 0;0 0;0
4744 KEY_A 0;0 0;0
4746 KEY_A 0;0 0;0
4748 KEY_A 0;0 0;0
4750 KEY_A 0;0 0;0
4752 KEY_A 0;0 0;0
4754 KEY_A 0;0 0;0
4756 KEY_A 0;0 0;0
4758 KEY_A 0;0 0;0
4760 KEY_A 0;0 0;0
4762 KEY_A 0;0 0;0
4764 KEY_A 0;0 0;0
4766 KEY_A 0;0 0;0
4768 KEY_A 0;0 0;0
4770 KEY_A 0;0 0;0
4772 KEY_A 0;0 0;0
4774 KEY_A 0;0 0;0
4776 KEY_A 0;0 0;0
4778 KEY_A 0;0 0;0
4780 KEY_A 0;0 0;0
4782 KEY_A 0;0 0;0
4784 KEY_A 0;0 0;0
4786 KEY_A 0;0 0;0
4788 KEY_A 0;0 0;0
4790 KEY_A 0;0 0;0
4792 KEY_A 0;0 0;0
4794 KEY_A 0;0 0;0
4796 KEY_A 0;0 0;0
4798 KEY_A 0;0 0;0
4800 KEY_A 0;0 0;0
4802 KEY_A 0;0 0;0
4804 KEY_A 0;0 0;0
4806 KEY_A 0;0 0;0
4808 KEY_A 0;0 0;0
4810 KEY_A 0;0 0;0
4812 KEY_A 0;0 0;0
4814 KEY_A 0;0 0;0
4816 KEY_A 0;0 0;0
4818 KEY_A 0;0 0;0
4820 KEY_A 0;0 0;0
4822 KEY_A 0;0 0;0
4824 KEY_A 0;0 0;0
4826 KEY_A 0;0 0;0
4828 KEY_A 0;0 0;0
4830 KEY_A 0;0 0;0
4832 KEY_A 0;0 0;0
4834 KEY_A 0;0 0;0
4836 KEY_A 0;0 0;0
4838 KEY_A 0;0 0;0
4840 KEY_A 0;0 0;0
4842 KEY_A 0;0 0;0
4844 KEY_A 0;0 0;0
4846 KEY_A 0;0 0;0
4848 KEY_A 0;0 0;0
4850 KEY_A 0;0 0;0
4852 KEY_A 0;0 0;0
4854 KEY_A 0;0 0;0
4856 KEY_A 0;0 0;0
4858 KEY_A 0;0 0;0
4860 KEY_A 0;0 0;0
4862 KEY_A 0;0 0;0
4864 KEY_A 0;0 0;0
4866 KEY_A 0;0 0;0
4868 KEY_A 0;0 0;0
4870 KEY_A 0;0 0;0
4872 KEY_A 0;0 0;0
4874 KEY_A 0;0 0;0
4876 KEY_A 0;0 0;0
4878 KEY_A 0;0 0;0
4880 KEY_A 0;0 0;0
4882 KEY_A 0;0 0;0
4884 KEY_A 0;0 0;0
4886 KEY_A 0;0 0;0
4888 KEY_A 0;0 0;0
4890 KEY_A 0;0 0;0
4892 KEY_A 0;0 0;0
4894 KEY_A 0;0 0;0
4896 KEY_A 0;0 0;0
4898 KEY_A 0;0 0;0
4900 KEY_A 0;0 0;0
4902 KEY_A 0;0 0;0
4904 KEY_A 0;0 0;0
4906 KEY_A 0;0 0;0
4908 KEY_A 0;0 0;0
4910 KEY_A 0;0 0;0
4912 KEY_A 0;0 0;0
4914 KEY_A 0;0 0;0
4916 KEY_A 0;0 0;0
4918 KEY_A 0;0 0;0
4920 KEY_A 0;0 0;0
4922 KEY_A 0;0 0;0
4924 KEY_A 0;0 0;0
4926 KEY_A 0;0 0;0
4928 KEY_A 0;0 0;0
4930 KEY_A 0;0 0;0
4932 KEY_A 0;0 0;0
4934 KEY_A 0;0 0;0
4936 KEY_A 0;0 0;0
4938 KEY_A 0;0 0;0
4940 KEY_A 0;0 0;0
4942 KEY_A 0;0 0;0
4944 KEY_A 0;0 0;0
4946 KEY_A 0;0 0;0
4948 KEY_A 0;0 0;0
4950 KEY_A 0;0 0;0
4952 KEY_A 0;0 0;0
4954 KEY_A 0;0 0;0
4956 KEY_A 0;0 0;0
4958 KEY_A 0;0 0;0
4960 KEY_A 0;0 0;0
4962 KEY_A 0;0 0;0
4964 KEY_A 0;0 0;0
4966 KEY_A 0;0 0;0
4968 KEY_A 0;0 0;0
4970 KEY_A 0;0 0;0
4972 KEY_A 0;0 0;0
4974 KEY_A 0;0 0;0
4976 KEY_A 0;0 0;0
4978 KEY_A 0;0 0;0
4980 KEY_A 0;0 0;0
4982 KEY_A 0;0 0;0
4984 KEY_A 0;0 0;0
4986 KEY_A 0;0 0;0
4988 KEY_A 0;0 0;0
4990 KEY_A 0;0 0;0
4992 KEY_A 0;0 0;0
4994 KEY_A 0;0 0;0
4996 KEY_A 0;0 0;0
4998 KEY_A 0;0 0;0
5000 KEY_A 0;0 0;0
5002 KEY_A 0;0 0;0
5004 KEY_A 0;0 0;0
5006 KEY_A 0;0 0;0
5008 KEY_A 0;0 0;0
5010 KEY_A 0;0 0;0
5012 KEY_A 0;0 0;0
5014 KEY_A 0;0 0;0
5016 KEY_A 0;0 0;0
5018 KEY_A 0;0 0;0
5020 KEY_A 0;0 0;0
5022 KEY_A 0;0 0;0
5024 KEY_A 0;0 0;0
5026 KEY_A 0;0 0;0
5028 KEY_A 0;0 0;0
5030 KEY_A 0;0 0;0
5032 KEY_A 0;0 0;0
5034 KEY_A 0;0 0;0
5036 KEY_A 0;0 0;0
5038 KEY_A 0;0 0;0
5040 KEY_A 0;0 0;0
5042 KEY_A 0;0 0;0
5044 KEY_A 0;0 0;0
5046 KEY_A 0;0 0;0
5048 KEY_A 0;0 0;0
5050 KEY_A 0;0 0;0
5052 KEY_A 0;0 0;0
5054 KEY_A 0;0 0;0
5056 KEY_A 0;0 0;0
5058 KEY_A 0;0 0;0
5060 KEY_A 0;0 0;0
5062 KEY_A 0;0 0;0
5064 KEY_A 0;0 0;0
5066 KEY_A 0;0 0;0
5068 KEY_A 0;0 0;0
5070 KEY_A 0;0 0;0
5072 KEY_A 0;0 0;0
5074 KEY_A 0;0 0;0
5076 KEY_A 0;0 0;0
5078 KEY_A 0;0 0;0
5080 KEY_A 0;0 0;0
5082 KEY_A 0;0 0;0
5084 KEY_A 0;0 0;0
5086 KEY_A 0;0 0;0
5088 KEY_A 0;0 0;0
5090 KEY_A 0;0 0;0
5092 KEY_A 0;0 0;0
5094 KEY_A 0;0 0;0
5096 KEY_A 0;0 0;0
5098 KEY_A 0;0 0;0
5100 KEY_A 0;0 0;0
5102 KEY_A 0;0 0;0
5104 KEY_A 0;0 0;0
5106 KEY_A 0;0 0;0
5108 KEY_A 0;0 0;0
5110 KEY_A 0;0 0;0
5112 KEY_A 0;0 0;0
5114 KEY_A 0;0 0;0
5116 KEY_A 0;0 0;0
5118 KEY_A 0;0 0;0
5120 KEY_A 0;0 0;0
5122 KEY_A 0;0 0;0
5124 KEY_A 0;0 0;0
5126 KEY_A 0;0 0;0
5128 KEY_A 0;0 0;0
5130 KEY_A 0;0 0;0
5132 KEY_A 0;0 0;0
5134 KEY_A 0;0 0;0
5136 KEY_A 0;0 0;0
5138 KEY_A 0;0 0;0
5140 KEY_A 0;0 0;0
5142 KEY_A 0;0 0;0
5144 KEY_A 0;0 0;0
5146 KEY_A 0;0 0;0
5148 KEY_A 0;0 0;0
5150 KEY_A 0;0 0;0
5152 KEY_A 0;0 0;0
5154 KEY_A 0;0 0;0
5156 KEY_A 0;0 0;0
5158 KEY_A 0;0 0;0
5160 KEY_A 0;0 0;0
5162 KEY_A 0;0 0;0
5164 KEY_A 0;0 0;0
5166 KEY_A 0;0 0;0
5168 KEY_A 0;0 0;0
5170 KEY_A 0;0 0;0
5172 KEY_A 0;0 0;0
5174 KEY_A 0;0 0;0
5176 KEY_A 0;0 0;0
5178 KEY_A 0;0 0;0
5180 KEY_A 0;0 0;0
5182 KEY_A 0;0 0;0
5184 KEY_A 0;0 0;0
5186 KEY_A 0;0 0;0
5188 KEY_A 0;0 0;0
5190 KEY_A 0;0 0;0
5192 KEY_A 0;0 0;0
5194 KEY_A 0;0 0;0
5196 KEY_A 0;0 0;0
5198 KEY_A 0;0 0;0
5200 KEY_A 0;0 0;0
5202 KEY_A 0;0 0;0
5204 KEY_A 0;0 0;0
5206 KEY_A 0;0 0;0
5208 KEY_A 0;0 0;0
5210 KEY_A 0;0 0;0
5212 KEY_A 0;0 0;0
5214 KEY_A 0;0 0;0
5216 KEY_A 0;0 0;0
5218 KEY_A 0;0 0;0
5220 KEY_A 0;0 0;0
5222 KEY_A 0;0 0;0
5224 KEY_A 0;0 0;0
5226 KEY_A 0;0 0;0
5228 KEY_A 0;0 0;0
5230 KEY_A 0;0 0;0
5232 KEY_A 0;0 0;0
5234 KEY_A 0;0 0;0
5236 KEY_A 0;0 0;0
5238 KEY_A 0;0 0;0
5240 KEY_A 0;0 0;0
5242 KEY_A 0;0 0;0
5244 KEY_A 0;0 0;0
5246 KEY_A 0;0 0;0
5248 KEY_A 0;0 0;0
5250 KEY_A 0;0 0;0
5252 KEY_A 0;0 0;0
5254 KEY_A 0;0 0;0
5256 KEY_A 0;0 0;0
5258 KEY_A 0;0 0;0
5260 KEY_A 0;0 0;0
5262 KEY_A 0;0 0;0
5264 KEY_A 0;0 0;0
5266 KEY_A 0;0 0;0
5268 KEY_A 0;0 0;0
5270 KEY_A 0;0 0;0
5272 KEY_A 0;0 0;0
5274 KEY_A 0;0 0;0
5276 KEY_A 0;0 0;0
5278 KEY_A 0;0 0;0
5280 KEY_A 0;0 0;0
5282 KEY_A 0;0 0;0
5284 KEY_A 0;0 0;0
5286 KEY_A 0;0 0;0
5288 KEY_A 0;0 0;0
5290 KEY_A 0;0 0;0
5292 KEY_A 0;0 0;0
5294 KEY_A 0;0 0;0
5296 KEY_A 0;0 0;0
5298 KEY_A 0;0 0;0
5300 KEY_A 0;0 0;0
5302 KEY_A 0;0 0;0
5304 KEY_A 0;0 0;0
5306 KEY_A 0;0 0;0
5308 KEY_A 0;0 0;0
5310 KEY_A 0;0 0;0
5312 KEY_A 0;0 0;0
5314 KEY_A 0;0 0;0
5316 KEY_A 0;0 0;0
5318 KEY_A 0;0 0;0
5320 KEY_A 0;0 0;0
5322 KEY_A 0;0 0;0
5324 KEY_A 0;0 0;0
5326 KEY_A 0;0 0;0
5328 KEY_A 0;0 0;0
5330 KEY_A 0;0 0;0
5332 KEY_A 0;0 0;0
5334 KEY_A 0;0 0;0
5336 KEY_A 0;0 0;0
5338 KEY_A 0;0 0;0
5340 KEY_A 0;0 0;0
5342 KEY_A 0;0 0;0
5344 KEY_A 0;0 0;0
5346 KEY_A 0;0 0;0
5348 KEY_A 0;0 0;0
5350 KEY_A 0;0 0;0
5352 KEY_A 0;0 0;0
5354 KEY_A 0;0 0;0
5356 KEY_A 0;0 0;0
5358 KEY_A 0;0 0;0
5360 KEY_A 0;0 0;0
5362 KEY_A 0;0 0;0
5364 KEY_A 0;0 0;0
5366 KEY_A 0;0 0;0
5368 KEY_A 0;0 0;0
5370 KEY_A 0;0 0;0
5372 KEY_A 0;0 0;0
5374 KEY_A 0;0 0;0
5376 KEY_A 0;0 0;0
5378 KEY_A 0;0 0;0
5380 KEY_A 0;0 0;0
5382 KEY_A 0;0 0;0
5384 KEY_A 0;0 0;0
5386 KEY_A 0;0 0;0
5388 KEY_A 0;0 0;0
5390 KEY_A 0;0 0;0
5392 KEY_A 0;0 0;0
5394 KEY_A 0;0 0;0
5396 KEY_A 0;0 0;0
5398 KEY_A 0;0 0;0
5400 KEY_A 0;0 0;0
5402 KEY_A 0;0 0;0
5404 KEY_A 0;0 0;0
5406 KEY_A 0;0 0;0
5408 KEY_A 0;0 0;0
5410 KEY_A 0;0 0;0
5412 KEY_A 0;0 0;0
5414 KEY_A 0;0 0;0
5416 KEY_A 0;0 0;0
5418 KEY_A 0;0 0;0
5420 KEY_A 0;0 0;0
5422 KEY_A 0;0 0;0
5424 KEY_A 0;0 0;0
5426 KEY_A 0;0 0;0
5428 KEY_A 0;0 0;0
5430 KEY_A 0;0 0;0
5432 KEY_A 0;0 0;0
5434 KEY_A 0;0 0;0
5436 KEY_A 0;0 0;0
5438 KEY_A 0;0 0;0
5440 KEY_A 0;0 0;0
5442 KEY_A 0;0 0;0
5444 KEY_A 0;0 0;0
5446 KEY_A 0;0 0;0
5448 KEY_A 0;0 0;0
5450 KEY_A 0;0 0;0
5452 KEY_A 0;0 0;0
5454 KEY_A 0;0 0;0
5456 KEY_A 0;0 0;0
5458 KEY_A 0;0 0;0
5460 KEY_A 0;0 0;0
5462 KEY_A 0;0 0;0
5464 KEY_A 0;0 0;0
5466 KEY_A 0;0 0;0
5468 KEY_A 0;0 0;0
5470 KEY_A 0;0 0;0
5472 KEY_A 0;0 0;0
5474 KEY_A 0;0 0;0
5476 KEY_A 0;0 0;0
5478 KEY_A 0;0 0;0
5480 KEY_A 0;0 0;0
5482 KEY_A 0;0 0;0
5484 KEY_A 0;0 0;0
5486 KEY_A 0;0 0;0
5488 KEY_A 0;0 0;0
5490 KEY_A 0;0 0;0
5492 KEY_A 0;0 0;0
5494 KEY_A 0;0 0;0
5496 KEY_A 0;0 0;0
5498 KEY_A 0;0 0;0
5500 KEY_A 0;0 0;0
5502 KEY_A 0;0 0;0
5504 KEY_A 0;0 0;0
5506 KEY_A 0;0 0;0
5508 KEY_A 0;0 0;0
5510 KEY_A 0;0 0;0
5512 KEY_A 0;0 0;0
5514 KEY_A 0;0 0;0
5516 KEY_A 0;0 0;0
5518 KEY_A 0;0 0;0
5520 KEY_A 0;0 0;0
5522 KEY_A 0;0 0;0
5524 KEY_A 0;0 0;0
5526 KEY_A 0;0 0;0
5528 KEY_A 0;0 0;0
5530 KEY_A 0;0 0;0
5532 KEY_A 0;0 0;0
5534 KEY_A 0;0 0;0
5536 KEY_A 0;0 0;0
5538 KEY_A 0;0 0;0
5540 KEY_A 0;0 0;0
5542 KEY_A 0;0 0;0
5544 KEY_A 0;0 0;0
5546 KEY_A 0;0 0;0
5548 KEY_A 0;0 0;0
5550 KEY_A 0;0 0;0
5552 KEY_A 0;0 0;0
5554 KEY_A 0;0 0;0
5556 KEY_A 0;0 0;0
5558 KEY_A 0;0 0;0
5560 KEY_A 0;0 0;0
5562 KEY_A 0;0 0;0
5564 KEY_A 0;0 0;0
5566 KEY_A 0;0 0;0
5568 KEY_A 0;0 0;0
5570 KEY_A 0;0 0;0
5572 KEY_A 0;0 0;0
5574 KEY_A 0;0 0;0
5576 KEY_A 0;0 0;0
5578 KEY_A 0;0 0;0
5580 KEY_A 0;0 0;0
5582 KEY_A 0;0 0;0
5584 KEY_A 0;0 0;0
5586 KEY_A 0;0 0;0
5588 KEY_A 0;0 0;0
5590 KEY_A 0;0 0;0
5592 KEY_A 0;0 0;0
5594 KEY_A 0;0 0;0
5596 KEY_A 0;0 0;0
5598 KEY_A 0;0 0;0
5600 KEY_A 0;0 0;0
5602 KEY_A 0;0 0;0
5604 KEY_A 0;0 0;0
5606 KEY_A 0;0 0;0
5608 KEY_A 0;0 0;0
5610 KEY_A 0;0 0;0
5612 KEY_A 0;0 0;0
5614 KEY_A 0;0 0;0
5616 KEY_A 0;0 0;0
5618 KEY_A 0;0 0;0
5620 KEY_A 0;0 0;0
5622 KEY_A 0;0 0;0
5624 KEY_A 0;0 0;0
5626 KEY_A 0;0 0;0
5628 KEY_A 0;0 0;0
5630 KEY_A 0;0 0;0
5632 KEY_A 0;0 0;0
5634 KEY_A 0;0 0;0
5636 KEY_A 0;0 0;0
5638 KEY_A 0;0 0;0
5640 KEY_A 0;0 0;0
5642 KEY_A 0;0 0;0
5644 KEY_A 0;0 0;0
5646 KEY_A 0;0 0;0
5648 KEY_A 0;0 0;0
5650 KEY_A 0;0 0;0
5652 KEY_A 0;0 0;0
5654 KEY_A 0;0 0;0
5656 KEY_A 0;0 0;0
5658 KEY_A 0;0 0;0
5660 KEY_A 0;0 0;0
5662 KEY_A 0;0 0;0
5664 KEY_A 0;0 0;0
5666 KEY_A 0;0 0;0
5668 KEY_A 0;0 0;0
5670 KEY_A 0;0 0;0
5672 KEY_A 0;0 0;0
5674 KEY_A 0;0 0;0
5676 KEY_A 0;0 0;0
5678 KEY_A 0;0 0;0
5680 KEY_A 0;0 0;0
5682 KEY_A 0;0 0;0
5684 KEY_A 0;0 0;0
5686 KEY_A 0;0 0;0
5688 KEY_A 0;0 0;0
5690 KEY_A 0;0 0;0
5692 KEY_A 0;0 0;0
5694 KEY_A 0;0 0;0
5696 KEY_A 0;0 0;0
5698 KEY_A 0;0 0;0
5700 KEY_A 0;0 0;0
5702 KEY_A 0;0 0;0
5704 KEY_A 0;0 0;0
5706 KEY_A 0;0 0;0
5708 KEY_A 0;0 0;0
5710 KEY_A 0;0 0;0
5712 KEY_A 0;0 0;0
5714 KEY_A 0;0 0;0
5716 KEY_A 0;0 0;0
5718 KEY_A 0;0 0;0
5720 KEY_A 0;0 0;0
5722 KEY_A 0;0 0;0
5724 KEY_A 0;0 0;0
5726 KEY_A 0;0 0;0
5728 KEY_A 0;0 0;0
5730 KEY_A 0;0 0;0
5732 KEY_A 0;0 0;0
5734 KEY_A 0;0 0;0
5736 KEY_A 0;0 0;0
5738 KEY_A 0;0 0;0
5740 KEY_A 0;0 0;0
5742 KEY_A 0;0 0;0
5744 KEY_A 0;0 0;0
5746 KEY_A 0;0 0;0
5748 KEY_A 0;0 0;0
5750 KEY_A 0;0 0;0
5752 KEY_A 0;0 0;0
5754 KEY_A 0;0 0;0
5756 KEY_A 0;0 0;0
5758 KEY_A 0;0 0;0
5760 KEY_A 0;0 0;0
5762 KEY_A 0;0 0;0
5764 KEY_A 0;0 0;0
5766 KEY_A 0;0 0;0
5768 KEY_A 0;0 0;0
5770 KEY_A 0;0 0;0
5772 KEY_A 0;0 0;0
5774 KEY_A 0;0 0;0
5776 KEY_A 0;0 0;0
5778 KEY_A 0;0 0;0
5780 KEY_A 0;0 0;0
5782 KEY_A 0;0 0;0
5784 KEY_A 0;0 0;0
5786 KEY_A 0;0 0;0
5788 KEY_A 0;0 0;0
5790 KEY_A 0;0 0;0
5792 KEY_A 0;0 0;0
5794 KEY_A 0;0 0;0
5796 KEY_A 0;0 0;0
5798 KEY_A 0;0 0;0
5800 KEY_A 0;0 0;0
5802 KEY_A 0;0 0;0
5804 KEY_A 0;0 0;0
5806 KEY_A 0;0 0;0
5808 KEY_A 0;0 0;0
5810 KEY_A 0;0 0;0
5812 KEY_A 0;0 0;0
5814 KEY_A 0;0 0;0
5816 KEY_A 0;0 0;0
5818 KEY_A 0;0 0;0
5820 KEY_A 0;0 0;0
5822 KEY_A 0;0 0;0
5824 KEY_A 0;0 0;0
5826 KEY_A 0;0 0;0
5828 KEY_A 0;0 0;0
5830 KEY_A 0;0 0;0
5832 KEY_A 0;0 0;0
5834 KEY_A 0;0 0;0
5836 KEY_A 0;0 0;0
5838 KEY_A 0;0 0;0
5840 KEY_A 0;0 0;0
5842 KEY_A 0;0 0;0
5844 KEY_A 0;0 0;0
5846 KEY_A 0;0 0;0
5848 KEY_A 0;0 0;0
5850 KEY_A 0;0 0;0
5852 KEY_A 0;0 0;0
5854 KEY_A 0;0 0;0
5856 KEY_A 0;0 0;0
5858 KEY_A 0;0 0;0
5860 KEY_A 0;0 0;0
5862 KEY_A 0;0 0;0
5864 KEY_A 0;0 0;0
5866 KEY_A 0;0 0;0
5868 KEY_A 0;0 0;0
5870 KEY_A 0;0 0;0
5872 KEY_A 0;0 0;0
5874 KEY_A 0;0 0;0
5876 KEY_A 0;0 0;0
5878 KEY_A 0;0 0;0
5880 KEY_A 0;0 0;0
5882 KEY_A 0;0 0;0
5884 KEY_A 0;0 0;0
5886 KEY_A 0;0 0;0
5888 KEY_A 0;0 0;0
5890 KEY_A 0;0 0;0
5892 KEY_A 0;0 0;0
5894 KEY_A 0;0 0;0
5896 KEY_A 0;0 0;0
5898 KEY_A 0;0 0;0
5900 KEY_A 0;0 0;0
5902 KEY_A 0;0 0;0
5904 KEY_A 0;0 0;0
5906 KEY_A 0;0 0;0
5908 KEY_A 0;0 0;0
5910 KEY_A 0;0 0;0
5912 KEY_A 0;0 0;0
5914 KEY_A 0;0 0;0
5916 KEY_A 0;0 0;0
5918 KEY_A 0;0 0;0
5920 KEY_A 0;0 0;0
5922 KEY_A 0;0 0;0
5924 KEY_A 0;0 0;0
5926 KEY_A 0;0 0;0
5928 KEY_A 0;0 0;0
5930 KEY_A 0;0 0;0
5932 KEY_A 0;0 0;0
5934 KEY_A 0;0 0;0
5936 KEY_A 0;0 0;0
5938 KEY_A 0;0 0;0
5940 KEY_A 0;0 0;0
5942 KEY_A 0;0 0;0
5944 KEY_A 0;0 0;0
5946 KEY_A 0;0 0;0
5948 KEY_A 0;0 0;0
5950 KEY_A 0;0 0;0
5952 KEY_A 0;0 0;0
5954 KEY_A 0;0 0;0
5956 KEY_A 0;0 0;0
5958 KEY_A 0;0 0;0
5960 KEY_A 0;0 0;0
5962 KEY_A 0;0 0;0
5964 KEY_A 0;0 0;0
5966 KEY_A 0;0 0;0
5968 KEY_A 0;0 0;0
5970 KEY_A 0;0 0;0
5972 KEY_A 0;0 0;0
5974 KEY_A 0;0 0;0
5976 KEY_A 0;0 0;0
5978 KEY_A 0;0 0;0
5980 KEY_A 0;0 0;0
5982 KEY_A 0;0 0;0
5984 KEY_A 0;0 0;0
5986 KEY_A 0;0 0;0
5988 KEY_A 0;0 0;0
5990 KEY_A 0;0 0;0
5992 KEY_A 0;0 0;0
5994 KEY_A 0;0 0;0
5996 KEY_A 0;0 0;0
5998 KEY_A 0;0 0;0
6000 KEY_A 0;0 0;0
6002 KEY_A 0;0 0;0
6004 KEY_A 0;0 0;0
6006 KEY_A 0;0 0;0
6008 KEY_A 0;0 0;0
6010 KEY_A 0;0 0;0
6012 KEY_A 0;0 0;0
6014 KEY_A 0;0 0;0
6016 KEY_A 0;0 0;0
6018 KEY_A 0;0 0;0
6020 KEY_A 0;0 0;0
6022 KEY_A 0;0 0;0
6024 KEY_A 0;0 0;0
6026 KEY_A 0;0 0;0
6028 KEY_A 0;0 0;0
6030 KEY_A 0;0 0;0
6032 KEY_A 0;0 0;0
6034 KEY_A 0;0 0;0
6036 KEY_A 0;0 0;0
6038 KEY_A 0;0 0;0
6040 KEY_A 0;0 0;0
6042 KEY_A 0;0 0;0
6044 KEY_A 0;0 0;0
6046 KEY_A 0;0 0;0
6048 KEY_A 0;0 0;0
6050 KEY_A 0;0 0;0
6052 KEY_A 0;0 0;0
6054 KEY_A 0;0 0;0
6056 KEY_A 0;0 0;0
6058 KEY_A 0;0 0;0
6060 KEY_A 0;0 0;0
6062 KEY_A 0;0 0;0
6064 KEY_A 0;0 0;0
6066 KEY_A 0;0 0;0
6068 KEY_A 0;0 0;0
6070 KEY_A 0;0 0;0
6072 KEY_A 0;0 0;0
6074 KEY_A 0;0 0;0
6076 KEY_A 0;0 0;0
6078 KEY_A 0;0 0;0
6080 KEY_A 0;0 0;0
6082 KEY_A 0;0 0;0
6084 KEY_A 0;0 0;0
6086 KEY_A 0;0 0;0
6088 KEY_A 0;0 0;0
6090 KEY_A 0;0 0;0
6092 KEY_A 0;0 0;0
6094 KEY_A 0;0 0;0
6096 KEY_A 0;0 0;0
6098 KEY_A 0;0 0;0
6100 KEY_A 0;0 0;0
6102 KEY_A 0;0 0;0
6104 KEY_A 0;0 0;0
6106 KEY_A 0;0 0;0
6108 KEY_A 0;0 0;0
6110 KEY_A 0;0 0;0
6112 KEY_A 0;0 0;0
6114 KEY_A 0;0 0;0
6116 KEY_A 0;0 0;0
6118 KEY_A 0;0 0;0
6120 KEY_A 0;0 0;0
6122 KEY_A 0;0 0;0
6124 KEY_A 0;0 0;0
6126 KEY_A 0;0 0;0
6128 KEY_A 0;0 0;0
6130 KEY_A 0;0 0;0
6132 KEY_A 0;0 0;0
6134 KEY_A 0;0 0;0
6136 KEY_A 0;0 0;0
6138 KEY_A 0;0 0;0
6140 KEY_A 0;0 0;0
6142 KEY_A 0;0 0;0
6144 KEY_A 0;0 0;0
6146 KEY_A 0;0 0;0
6148 KEY_A 0;0 0;0
6150 KEY_A 0;0 0;0
6152 KEY_A 0;0 0;0
6154 KEY_A 0;0 0;0
6156 KEY_A 0;0 0;0
6158 KEY_A 0;0 0;0
6160 KEY_A 0;0 0;0
6162 KEY_A 0;0 0;0
6164 KEY_A 0;0 0;0
6166 KEY_A 0;0 0;0
6168 KEY_A 0;0 0;0
6170 KEY_A 0;0 0;0
6172 KEY_A 0;0 0;0
6174 KEY_A 0;0 0;0
6176 KEY_A 0;0 0;0
6178 KEY_A 0;0 0;0
6180 KEY_A 0;0 0;0
6182 KEY_A 0;0 0;0
6184 KEY_A 0;0 0;0
6186 KEY_A 0;0 0;0
6188 KEY_A 0;0 0;0
6190 KEY_A 0;0 0;0
6192 KEY_A 0;0 0;0
6194 KEY_A 0;0 0;0
6196 KEY_A 0;0 0;0
6198 KEY_A 0;0 0;0
6200 KEY_A 0;0 0;0
6202 KEY_A 0;0 0;0
6204 KEY_A 0;0 0;0
6206 KEY_A 0;0 0;0
6208 KEY_A 0;0 0;0
6210 KEY_A 0;0 0;0
6212 KEY_A 0;0 0;0
6214 KEY_A 0;0 0;0
6216 KEY_A 0;0 0;0
6218 KEY_A 0;0 0;0
6220 KEY_A 0;0 0;0
6222 KEY_A 0;0 0;0
6224 KEY_A 0;0 0;0
6226 KEY_A 0;0 0;0
6228 KEY_A 0;0 0;0
6230 KEY_A 0;0 0;0
6232 KEY_A 0;0 0;0
6234 KEY_A 0;0 0;0
6236 KEY_A 0;0 0;0
6238 KEY_A 0;0 0;0
6240 KEY_A 0;0 0;0
6242 KEY_A 0;0 0;0
6244 KEY_A 0;0 0;0
6246 KEY_A 0;0 0;0
6248 KEY_A 0;0 0;0
6250 KEY_A 0;0 0;0
6252 KEY_A 0;0 0;0
6254 KEY_A 0;0 0;0
6256 KEY_A 0;0 0;0
6258 KEY_A 0;0 0;0
6260 KEY_A 0;0 0;0
6262 KEY_A 0;0 0;0
6264 KEY_A 0;0 0;0
6266 KEY_A 0;0 0;0
6268 KEY_A 0;0 0;0
6270 KEY_A 0;0 0;0
6272 KEY_A 0;0 0;0
6274 KEY_A 0;0 0;0
6276 KEY_A 0;0 0;0
6278 KEY_A 0;0 0;0
6280 KEY_A 0;0 0;0
6282 KEY_A 0;0 0;0
6284 KEY_A 0;0 0;0
6286 KEY_A 0;0 0;0
6288 KEY_A 0;0 0;0
6290 KEY_A 0;0 0;0
6292 KEY_A 0;0 0;0
6294 KEY_A 0;0 0;0
6296 KEY_A 0;0 0;0
6298 KEY_A 0;0 0;0
6300 KEY_A 0;0 0;0
6302 KEY_A 0;0 0;0
6304 KEY_A 0;0 0;0
6306 KEY_A 0;0 0;0
6308 KEY_A 0;0 0;0
6310 KEY_A 0;0 0;0
6312 KEY_A 0;0 0;0
6314 KEY_A 0;0 0;0
6316 KEY_A 0;0 0;0
6318 KEY_A 0;0 0;0
6320 KEY_A 0;0 0;0
6322 KEY_A 0;0 0;0
6324 KEY_A 0;0 0;0
6326 KEY_A 0;0 0;0
6328 KEY_A 0;0 0;0
6330 KEY_A 0;0 0;0
6332 KEY_A 0;0 0;0
6334 KEY_A 0;0 0;0
6336 KEY_A 0;0 0;0
6338 KEY_A 0;0 0;0
6340 KEY_A 0;0 0;0
6342 KEY_A 0;0 0;0
6344 KEY_A 0;0 0;0
6346 KEY_A 0;0 0;0
6348 KEY_A 0;0 0;0
6350 KEY_A 0;0 0;0
6352 KEY_A 0;0 0;0
6354 KEY_A 0;0 0;0
6356 KEY_A 0;0 0;0
6358 KEY_A 0;0 0;0
6360 KEY_A 0;0 0;0
6362 KEY_A 0;0 0;0
6364 KEY_A 0;0 0;0
6366 KEY_A 0;0 0;0
6368 KEY_A 0;0 0;0
6370 KEY_A 0;0 0;0
6372 KEY_A 0;0 0;0
6374 KEY_A 0;0 0;0
6376 KEY_A 0;0 0;0
6378 KEY_A 0;0 0;0
6380 KEY_A 0;0 0;0
6382 KEY_A 0;0 0;0
6384 KEY_A 0;0 0;0
6386 KEY_A 0;0 0;0
6388 KEY_A 0;0 0;0
6390 KEY_A 0;0 0;0
6392 KEY_A 0;0 0;0
6394 KEY_A 0;0 0;0
6396 KEY_A 0;0 0;0
6398 KEY_A 0;0 0;0
6400 KEY_A 0;0 0;0
6402 KEY_A 0;0 0;0
6404 KEY_A 0;0 0;0
6406 KEY_A 0;0 0;0
6408 KEY_A 0;0 0;0
6410 KEY_A 0;0 0;0
6412 KEY_A 0;0 0;0
6414 KEY_A 0;0 0;0
6416 KEY_A 0;0 0;0
6418 KEY_A 0;0 0;0
6420 KEY_A 0;0 0;0
6422 KEY_A 0;0 0;0
6424 KEY_A 0;0 0;0
6426 KEY_A 0;0 0;0
6428 KEY_A 0;0 0;0
6430 KEY_A 0;0 0;0
6432 KEY_A 0;0 0;0
6434 KEY_A 0;0 0;0
6436 KEY_A 0;0 0;0
6438 KEY_A 0;0 0;0
6440 KEY_A 0;0 0;0
6442 KEY_A 0;0 0;0
6444 KEY_A 0;0 0;0
6446 KEY_A 0;0 0;0
6448 KEY_A 0;0 0;0
6450 KEY_A 0;0 0;0
6452 KEY_A 0;0 0;0
6454 KEY_A 0;0 0;0
6456 KEY_A 0;0 0;0
6458 KEY_A 0;0 0;0
6460 KEY_A 0;0 0;0
6462 KEY_A 0;0 0;0
6464 KEY_A 0;0 0;0
6466 KEY_A 0;0 0;0
6468 KEY_A 0;0 0;0
6470 KEY_A 0;0 0;0
6472 KEY_A 0;0 0;0
6474 KEY_A 0;0 0;0
6476 KEY_A 0;0 0;0
6478 KEY_A 0;0 0;0
6480 KEY_A 0;0 0;0
6482 KEY_A 0;0 0;0
6484 KEY_A 0;0 0;0
6486 KEY_A 0;0 0;0
6488 KEY_A 0;0 0;0
6490 KEY_A 0;0 0;0
6492 KEY_A 0;0 0;0
6494 KEY_A 0;0 0;0
6496 KEY_A 0;0 0;0
6498 KEY_A 0;0 0;0
6500 KEY_A 0;0 0;0
6502 KEY_A 0;0 0;0
6504 KEY_A 0;0 0;0
6506 KEY_A 0;0 0;0
6508 KEY_A 0;0 0;0
6510 KEY_A 0;0 0;0
6512 KEY_A 0;0 0;0
6514 KEY_A 0;0 0;0
6516 KEY_A 0;0 0;0
6518 KEY_A 0;0 0;0
6520 KEY_A 0;0 0;0
6522 KEY_A 0;0 0;0
6524 KEY_A 0;0 0;0
6526 KEY_A 0;0 0;0
6528 KEY_A 0;0 0;0
6530 KEY_A 0;0 0;0
6532 KEY_A 0;0 0;0
6534 KEY_A 0;0 0;0
6536 KEY_A 0;0 0;0
6538 KEY_A 0;0 0;0
6540 KEY_A 0;0 0;0
6542 KEY_A 0;0 0;0
6544 KEY_A 0;0 0;0
6546 KEY_A 0;0 0;0
6548 KEY_A 0;0 0;0
6550 KEY_A 0;0 0;0
6552 KEY_A 0;0 0;0
6554 KEY_A 0;0 0;0
6556 KEY_A 0;0 0;0
6558 KEY_A 0;0 0;0
6560 KEY_A 0;0 0;0
6562 KEY_A 0;0 0;0
6564 KEY_A 0;0 0;0
6566 KEY_A 0;0 0;0
6568 KEY_A 0;0 0;0
6570 KEY_A 0;0 0;0
6572 KEY_A 0;0 0;0
6574 KEY_A 0;0 0;0
6576 KEY_A 0;0 0;0
6578 KEY_A 0;0 0;0
6580 KEY_A 0;0 0;0
6582 KEY_A 0;0 0;0
6584 KEY_A 0;0 0;0
6586 KEY_A 0;0 0;0
6588 KEY_A 0;0 0;0
6590 KEY_A 0;0 0;0
6592 KEY_A 0;0 0;0
6594 KEY_A 0;0 0;0
6596 KEY_A 0;0 0;0
6598 KEY_A 0;0 0;0
6600 KEY_A 0;0 0;0
6602 KEY_A 0;0 0;0
6604 KEY_A 0;0 0;0
6606 KEY_A 0;0 0;0
6608 KEY_A 0;0 0;0
6610 KEY_A 0;0 0;0
6612 KEY_A 0;0 0;0
6614 KEY_A 0;0 0;0
6616 KEY_A 0;0 0;0
6618 KEY_A 0;0 0;0
6620 KEY_A 0;0 0;0
6622 KEY_A 0;0 0;0
6624 KEY_A 0;0 0;0
6626 KEY_A 0;0 0;0
6628 KEY_A 0;0 0;0
6630 KEY_A 0;0 0;0
6632 KEY_A 0;0 0;0
6634 KEY_A 0;0 0;0
6636 KEY_A 0;0 0;0
6638 KEY_A 0;0 0;0
6640 KEY_A 0;0 0;0
6642 KEY_A 0;0 0;0
6644 KEY_A 0;0 0;0
6646 KEY_A 0;0 0;0
6648 KEY_A 0;0 0;0
6650 KEY_A 0;0 0;0
6652 KEY_A 0;0 0;0
6654 KEY_A 0;0 0;0
6656 KEY_A 0;0 0;0
6658 KEY_A 0;0 0;0
6660 KEY_A 0;0 0;0
6662 KEY_A 0;0 0;0
6664 KEY_A 0;0 0;0
6666 KEY_A 0;0 0;0
6668 KEY_A 0;0 0;0
6670 KEY_A 0;0 0;0
6672 KEY_A 0;0 0;0
6674 KEY_A 0;0 0;0
6676 KEY_A 0;0 0;0
6678 KEY_A 0;0 0;0
6680 KEY_A 0;0 0;0
6682 KEY_A 0;0 0;0
6684 KEY_A 0;0 0;0
6686 KEY_A 0;0 0;0
6688 KEY_A 0;0 0;0
6690 KEY_A 0;0 0;0
6692 KEY_A 0;0 0;0
6694 KEY_A 0;0 0;0
6696 KEY_A 0;0 0;0
6698 KEY_A 0;0 0;0
6700 KEY_A 0;0 0;0
6702 KEY_A 0;0 0;0
6704 KEY_A 0;0 0;0
6706 KEY_A 0;0 0;0
6708 KEY_A 0;0 0;0
6710 KEY_A 0;0 0;0
6712 KEY_A 0;0 0;0
6714 KEY_A 0;0 0;0
6716 KEY_A 0;0 0;0
6718 KEY_A 0;0 0;0
6720 KEY_A 0;0 0;0
6722 KEY_A 0;0 0;0
6724 KEY_A 0;0 0;0
6726 KEY_A 0;0 0;0
6728 KEY_A 0;0 0;0
6730 KEY_A 0;0 0;0
6732 KEY_A 0;0 0;0
6734 KEY_A 0;0 0;0
6736 KEY_A 0;0 0;0
6738 KEY_A 0;0 0;0
6740 KEY_A 0;0 0;0
6742 KEY_A 0;0 0;0
6744 KEY_A 0;0 0;0
6746 KEY_A 0;0 0;0
6748 KEY_A 0;0 0;0
6750 KEY_A 0;0 0;0
6752 KEY_A 0;0 0;0
6754 KEY_A 0;0 0;0
6756 KEY_A 0;0 0;0
6758 KEY_A 0;0 0;0
6760 KEY_A 0;0 0;0
6762 KEY_A 0;0 0;0
6764 KEY_A 0;0 0;0
6766 KEY_A 0;0 0;0
6768 KEY_A 0;0 0;0
6770 KEY_A 0;0 0;0
6772 KEY_A 0;0 0;0
6774 KEY_A 0;0 0;0
6776 KEY_A 0;0 0;0
6778 KEY_A 0;0 0;0
6780 KEY_A 0;0 0;0
6782 KEY_A 0;0 0;0
6784 KEY_A 0;0 0;0
6786 KEY_A 0;0 0;0
6788 KEY_A 0;0 0;0
6790 KEY_A 0;0 0;0
6792 KEY_A 0;0 0;0
6794 KEY_A 0;0 0;0
6796 KEY_A 0;0 0;0
6798 KEY_A 0;0 0;0
6800 KEY_A 0;0 0;0
6802 KEY_A 0;0 0;0
6804 KEY_A 0;0 0;0
6806 KEY_A 0;0 0;0
6808 KEY_A 0;0 0;0
6810 KEY_A 0;0 0;0
6812 KEY_A 0;0 0;0
6814 KEY_A 0;0 0;0
6816 KEY_A 0;0 0;0
6818 KEY_A 0;0 0;0
6820 KEY_A 0;0 0;0
6822 KEY_A 0;0 0;0
6824 KEY_A 0;0 0;0
6826 KEY_A 0;0 0;0
6828 KEY_A 0;0 0;0
6830 KEY_A 0;0 0;0
6832 KEY_A 0;0 0;0
6834 KEY_A 0;0 0;0
6836 KEY_A 0;0 0;0
6838 KEY_A 0;0 0;0
6840 KEY_A 0;0 0;0
6842 KEY_A 0;0 0;0
6844 KEY_A 0;0 0;0
6846 KEY_A 0;0 0;0
6848 KEY_A 0;0 0;0
6850 KEY_A 0;0 0;0
6852 KEY_A 0;0 0;0
6854 KEY_A 0;0 0;0
6856 KEY_A 0;0 0;0
6858 KEY_A 0;0 0;0
6860 KEY_A 0;0 0;0
6862 KEY_A 0;0 0;0
6864 KEY_A 0;0 0;0
6866 KEY_A 0;0 0;0
6868 KEY_A 0;0 0;0
6870 KEY_A 0;0 0;0
6872 KEY_A 0;0 0;0
6874 KEY_A 0;0 0;0
6876 KEY_A 0;0 0;0
6878 KEY_A 0;0 0;0
6880 KEY_A 0;0 0;0
6882 KEY_A 0;0 0;0
6884 KEY_A 0;0 0;0
6886 KEY_A 0;0 0;0
6888 KEY_A 0;0 0;0
6890 KEY_A 0;0 0;0
6892 KEY_A 0;0 0;0
6894 KEY_A 0;0 0;0
6896 KEY_A 0;0 0;0
6898 KEY_A 0;0 0;0
6900 KEY_A 0;0 0;0
6902 KEY_A 0;0 0;0
6904 KEY_A 0;0 0;0
6906 KEY_A 0;0 0;0
6908 KEY_A 0;0 0;0
6910 KEY_A 0;0 0;0
6912 KEY_A 0;0 0;0
6914 KEY_A 0;0 0;0
6916 KEY_A 0;0 0;0
6918 KEY_A 0;0 0;0
6920 KEY_A 0;0 0;0
6922 KEY_A 0;0 0;0
6924 KEY_A 0;0 0;0
6926 KEY_A 0;0 0;0
6928 KEY_A 0;0 0;0
6930 KEY_A 0;0 0;0
6932 KEY_A 0;0 0;0
6934 KEY_A 0;0 0;0
6936 KEY_A 0;0 0;0
6938 KEY_A 0;0 0;0
6940 KEY_A 0;0 0;0
6942 KEY_A 0;0 0;0
6944 KEY_A 0;0 0;0
6946 KEY_A 0;0 0;0
6948 KEY_A 0;0 0;0
6950 KEY_A 0;0 0;0
6952 KEY_A 0;0 0;0
6954 KEY_A 0;0 0;0
6956 KEY_A 0;0 0;0
6958 KEY_A 0;0 0;0
6960 KEY_A 0;0 0;0
6962 KEY_A 0;0 0;0
6964 KEY_A 0;0 0;0
6966 KEY_A 0;0 0;0
6968 KEY_A 0;0 0;0
6970 KEY_A 0;0 0;0
6972 KEY_A 0;0 0;0
6974 KEY_A 0;0 0;0
6976 KEY_A 0;0 0;0
6978 KEY_A 0;0 0;0
6980 KEY_A 0;0 0;0
6982 KEY_A 0;0 0;0
6984 KEY_A 0;0 0;0
6986 KEY_A 0;0 0;0
6988 KEY_A 0;0 0;0
6990 KEY_A 0;0 0;0
6992 KEY_A 0;0 0;0
6994 KEY_A 0;0 0;0
6996 KEY_A 0;0 0;0
6998 KEY_A 0;0 0;0
7000 KEY_A 0;0 0;0
7002 KEY_A 0;0 0;0
7004 KEY_A 0;0 0;0
7006 KEY_A 0;0 0;0
7008 KEY_A 0;0 0;0
7010 KEY_A 0;0 0;0
7012 KEY_A 0;0 0;0
7014 KEY_A 0;0 0;0
7016 KEY_A 0;0 0;0
7018 KEY_A 0;0 0;0
7020 KEY_A 0;0 0;0
7022 KEY_A 0;0 0;0
7024 KEY_A 0;0 0;0
7026 KEY_A 0;0 0;0
7028 KEY_A 0;0 0;0
7030 KEY_A 0;0 0;0
7032 KEY_A 0;0 0;0
7034 KEY_A 0;0 0;0
7036 KEY_A 0;0 0;0
7038 KEY_A 0;0 0;0
7040 KEY_A 0;0 0;0
7042 KEY_A 0;0 0;0
7044 KEY_A 0;0 0;0
7046 KEY_A 0;0 0;0
7048 KEY_A 0;0 0;0
7050 KEY_A 0;0 0;0
7052 KEY_A 0;0 0;0
7054 KEY_A 0;0 0;0
7056 KEY_A 0;0 0;0
7058 KEY_A 0;0 0;0
7060 KEY_A 0;0 0;0
7062 KEY_A 0;0 0;0
7064 KEY_A 0;0 0;0
7066 KEY_A 0;0 0;0
7068 KEY_A 0;0 0;0
7070 KEY_A 0;0 0;0
7072 KEY_A 0;0 0;0
7074 KEY_A 0;0 0;0
7076 KEY_A 0;0 0;0
7078 KEY_A 0;0 0;0
7080 KEY_A 0;0 0;0
7082 KEY_A 0;0 0;0
7084 KEY_A 0;0 0;0
7086 KEY_A 0;0 0;0
7088 KEY_A 0;0 0;0
7090 KEY_A 0;0 0;0
7092 KEY_A 0;0 0;0
7094 KEY_A 0;0 0;0
7096 KEY_A 0;0 0;0
7098 KEY_A 0;0 0;0
7100 KEY_A 0;0 0;0
7102 KEY_A 0;0 0;0
7104 KEY_A 0;0 0;0
7106 KEY_A 0;0 0;0
7108 KEY_A 0;0 0;0
7110 KEY_A 0;0 0;0
7112 KEY_A 0;0 0;0
7114 KEY_A 0;0 0;0
7116 KEY_A 0;0 0;0
7118 KEY_A 0;0 0;0
7120 KEY_A 0;0 0;0
7122 KEY_A 0;0 0;0
7124 KEY_A 0;0 0;0
7126 KEY_A 0;0 0;0
7128 KEY_A 0;0 0;0
7130 KEY_A 0;0 0;0
7132 KEY_A 0;0 0;0
7134 KEY_A 0;0 0;0
7136 KEY_A 0;0 0;0
7138 KEY_A 0;0 0;0
7140 KEY_A 0;0 0;0
7142 KEY_A 0;0 0;0
7144 KEY_A 0;0 0;0
7146 KEY_A 0;0 0;0
7148 KEY_A 0;0 0;0
7150 KEY_A 0;0 0;0
7152 KEY_A 0;0 0;0
7154 KEY_A 0;0 0;0
7156 KEY_A 0;0 0;0
7158 KEY_A 0;0 0;0
7160 KEY_A 0;0 0;0
7162 KEY_A 0;0 0;0
7164 KEY_A 0;0 0;0
7166 KEY_A 0;0 0;0
7168 KEY_A 0;0 0;0
7170 KEY_A 0;0 0;0
7172 KEY_A 0;0 0;0
7174 KEY_A 0;0 0;0
7176 KEY_A 0;0 0;0
7178 KEY_A 0;0 0;0
7180 KEY_A 0;0 0;0
7182 KEY_A 0;0 0;0
7184 KEY_A 0;0 0;0
7186 KEY_A 0;0 0;0
7188 KEY_A 0;0 0;0
7190 KEY_A 0;0 0;0
7192 KEY_A 0;0 0;0
7194 KEY_A 0;0 0;0
7196 KEY_A 0;0 0;0
7198 KEY_A 0;0 0;0
7200 KEY_A 0;0 0;0
7202 KEY_A 0;0 0;0
7204 KEY_A 0;0 0;0
7206 KEY_A 0;0 0;0
7208 KEY_A 0;0 0;0
7210 KEY_A 0;0 0;0
7212 KEY_A 0;0 0;0
7214 KEY_A 0;0 0;0
7216 KEY_A 0;0 0;0
7218 KEY_A 0;0 0;0
7220 KEY_A 0;0 0;0
7222 KEY_A 0;0 0;0
7224 KEY_A 0;0 0;0
7226 KEY_A 0;0 0;0
7228 KEY_A 0;0 0;0
7230 KEY_A 0;0 0;0
7232 KEY_A 0;0 0;0
7234 KEY_A 0;0 0;0
7236 KEY_A 0;0 0;0
7238 KEY_A 0;0 0;0
7240 KEY_A 0;0 0;0
7242 KEY_A 0;0 0;0
7244 KEY_A 0;0 0;0
7246 KEY_A 0;0 0;0
7248 KEY_A 0;0 0;0
7250 KEY_A 0;0 0;0
7252 KEY_A 0;0 0;0
7254 KEY_A 0;0 0;0
7256 KEY_A 0;0 0;0
7258 KEY_A 0;0 0;0
7260 KEY_A 0;0 0;0
7262 KEY_A 0;0 0;0
7264 KEY_A 0;0 0;0
7266 KEY_A 0;0 0;0
7268 KEY_A 0;0 0;0
7270 KEY_A 0;0 0;0
7272 KEY_A 0;0 0;0
7274 KEY_A 0;0 0;0
7276 KEY_A 0;0 0;0
7278 KEY_A 0;0 0;0
7280 KEY_A 0;0 0;0
7282 KEY_A 0;0 0;0
7284 KEY_A 0;0 0;0
7286 KEY_A 0;0 0;0
7288 KEY_A 0;0 0;0
7290 KEY_A 0;0 0;0
7292 KEY_A 0;0 0;0
7294 KEY_A 0;0 0;0
7296 KEY_A 0;0 0;0
7298 KEY_A 0;0 0;0
7300 KEY_A 0;0 0;0
7302 KEY_A 0;0 0;0
7304 KEY_A 0;0 0;0
7306 KEY_A 0;0 0;0
7308 KEY_A 0;0 0;0
7310 KEY_A 0;0 0;0
7312 KEY_A 0;0 0;0
7314 KEY_A 0;0 0;0
7316 KEY_A 0;0 0;0
7318 KEY_A 0;0 0;0
7320 KEY_A 0;0 0;0
7322 KEY_A 0;0 0;0
7324 KEY_A 0;0 0;0
7326 KEY_A 0;0 0;0
7328 KEY_A 0;0 0;0
7330 KEY_A 0;0 0;0
7332 KEY_A 0;0 0;0
7334 KEY_A 0;0 0;0
7336 KEY_A 0;0 0;0
7338 KEY_A 0;0 0;0
7340 KEY_A 0;0 0;0
7342 KEY_A 0;0 0;0
7344 KEY_A 0;0 0;0
7346 KEY_A 0;0 0;0
7348 KEY_A 0;0 0;0
7350 KEY_A 0;0 0;0
7352 KEY_A 0;0 0;0
7354 KEY_A 0;0 0;0
7356 KEY_A 0;0 0;0
7358 KEY_A 0;0 0;0
7360 KEY_A 0;0 0;0
7362 KEY_A 0;0 0;0
7364 KEY_A 0;0 0;0
7366 KEY_A 0;0 0;0
7368 KEY_A 0;0 0;0
7370 KEY_A 0;0 0;0
7372 KEY_A 0;0 0;0
7374 KEY_A 0;0 0;0
7376 KEY_A 0;0 0;0
7378 KEY_A 0;0 0;0
7380 KEY_A 0;0 0;0
7382 KEY_A 0;0 0;0
7384 KEY_A 0;0 0;0
7386 KEY_A 0;0 0;0
7388 KEY_A 0;0 0;0
7390 KEY_A 0;0 0;0
7392 KEY_A 0;0 0;0
7394 KEY_A 0;0 0;0
7396 KEY_A 0;0 0;0
7398 KEY_A 0;0 0;0
7400 KEY_A 0;0 0;0
7402 KEY_A 0;0 0;0
7404 KEY_A 0;0 0;0
7406 KEY_A 0;0 0;0
7408 KEY_A 0;0 0;0
7410 KEY_A 0;0 0;0
7412 KEY_A 0;0 0;0
7414 KEY_A 0;0 0;0
7416 KEY_A 0;0 0;0
7418 KEY_A 0;0 0;0
7420 KEY_A 0;0 0;0
7422 KEY_A 0;0 0;0
7424 KEY_A 0;0 0;0
7426 KEY_A 0;0 0;0
7428 KEY_A 0;0 0;0
7430 KEY_A 0;0 0;0
7432 KEY_A 0;0 0;0
7434 KEY_A 0;0 0;0
7436 KEY_A 0;0 0;0
7438 KEY_A 0;0 0;0
7440 KEY_A 0;0 0;0
7442 KEY_A 0;0 0;0
7444 KEY_A 0;0 0;0
7446 KEY_A 0;0 0;0
7448 KEY_A 0;0 0;0
7450 KEY_A 0;0 0;0
7452 KEY_A 0;0 0;0
7454 KEY_A 0;0 0;0
7456 KEY_A 0;0 0;0
7458 KEY_A 0;0 0;0
7460 KEY_A 0;0 0;0
7462 KEY_A 0;0 0;0
7464 KEY_A 0;0 0;0
7466 KEY_A 0;0 0;0
7468 KEY_A 0;0 0;0
7470 KEY_A 0;0 0;0
7472 KEY_A 0;0 0;0
7474 KEY_A 0;0 0;0
7476 KEY_A 0;0 0;0
7478 KEY_A 0;0 0;0
7480 KEY_A 0;0 0;0
7482 KEY_A 0;0 0;0
7484 KEY_A 0;0 0;0
7486 KEY_A 0;0 0;0
7488 KEY_A 0;0 0;0
7490 KEY_A 0;0 0;0
7492 KEY_A 0;0 0;0
7494 KEY_A 0;0 0;0
7496 KEY_A 0;0 0;0
7498 KEY_A 0;0 0;0
7500 KEY_A 0;0 0;0
7502 KEY_A 0;0 0;0
7504 KEY_A 0;0 0;0
7506 KEY_A 0;0 0;0
7508 KEY_A 0;0 0;0
7510 KEY_A 0;0 0;0
7512 KEY_A 0;0 0;0
7514 KEY_A 0;0 0;0
7516 KEY_A 0;0 0;0
7518 KEY_A 0;0 0;0
7520 KEY_A 0;0 0;0
7522 KEY_A 0;0 0;0
7524 KEY_A 0;0 0;0
7526 KEY_A 0;0 0;0
7528 KEY_A 0;0 0;0
7530 KEY_A 0;0 0;0
7532 KEY_A 0;0 0;0
7534 KEY_A 0;0 0;0
7536 KEY_A 0;0 0;0
7538 KEY_A 0;0 0;0
7540 KEY_A 0;0 0;0
7542 KEY_A 0;0 0;0
7544 KEY_A 0;0 0;0
7546 KEY_A 0;0 0;0
7548 KEY_A 0;0 0;0
7550 KEY_A 0;0 0;0
7552 KEY_A 0;0 0;0
7554 KEY_A 0;0 0;0
7556 KEY_A 0;0 0;0
7558 KEY_A 0;0 0;0
7560 KEY_A 0;0 0;0
7562 KEY_A 0;0 0;0
7564 KEY_A 0;0 0;0
7566 KEY_A 0;0 0;0
7568 KEY_A 0;0 0;0
7570 KEY_A 0;0 0;0
7572 KEY_A 0;0 0;0
7574 KEY_A 0;0 0;0
7576 KEY_A 0;0 0;0
7578 KEY_A 0;0 0;0
7580 KEY_A 0;0 0;0
7582 KEY_A 0;0 0;0
7584 KEY_A 0;0 0;0
7586 KEY_A 0;0 0;0
7588 KEY_A 0;0 0;0
7590 KEY_A 0;0 0;0
7592 KEY_A 0;0 0;0
7594 KEY_A 0;0 0;0
7596 KEY_A 0;0 0;0
7598 KEY_A 0;0 0;0
7600 KEY_A 0;0 0;0
7602 KEY_A 0;0 0;0
7604 KEY_A 0;0 0;0
7606 KEY_A 0;0 0;0
7608 KEY_A 0;0 0;0
7610 KEY_A 0;0 0;0
7612 KEY_A 0;0 0;0
7614 KEY_A 0;0 0;0
7616 KEY_A 0;0 0;0
7618 KEY_A 0;0 0;0
7620 KEY_A 0;0 0;0
7622 KEY_A 0;0 0;0
7624 KEY_A 0;0 0;0
7626 KEY_A 0;0 0;0
7628 KEY_A 0;0 0;0
7630 KEY_A 0;0 0;0
7632 KEY_A 0;0 0;0
7634 KEY_A 0;0 0;0
7636 KEY_A 0;0 0;0
7638 KEY_A 0;0 0;0
7640 KEY_A 0;0 0;0
7642 KEY_A 0;0 0;0
7644 KEY_A 0;0 0;0
7646 KEY_A 0;0 0;0
7648 KEY_A 0;0 0;0
7650 KEY_A 0;0 0;0
7652 KEY_A 0;0 0;0
7654 KEY_A 0;0 0;0
7656 KEY_A 0;0 0;0
7658 KEY_A 0;0 0;0
7660 KEY_A 0;0 0;0
7662 KEY_A 0;0 0;0
7664 KEY_A 0;0 0;0
7666 KEY_A 0;0 0;0
7668 KEY_A 0;0 0;0
7670 KEY_A 0;0 0;0
7672 KEY_A 0;0 0;0
7674 KEY_A 0;0 0;0
7676 KEY_A 0;0 0;0
7678 KEY_A 0;0 0;0
7680 KEY_A 0;0 0;0
7682 KEY_A 0;0 0;0
7684 KEY_A 0;0 0;0
7686 KEY_A 0;0 0;0
7688 KEY_A 0;0 0;0
7690 KEY_A 0;0 0;0
7692 KEY_A 0;0 0;0
7694 KEY_A 0;0 0;0
7696 KEY_A 0;0 0;0
7698 KEY_A 0;0 0;0
7700 KEY_A 0;0 0;0
7702 KEY_A 0;0 0;0
7704 KEY_A 0;0 0;0
7706 KEY_A 0;0 0;0
7708 KEY_A 0;0 0;0
7710 KEY_A 0;0 0;0
7712 KEY_A 0;0 0;0
7714 KEY_A 0;0 0;0
7716 KEY_A 0;0 0;0
7718 KEY_A 0;0 0;0
7720 KEY_A 0;0 0;0
7722 KEY_A 0;0 0;0
7724 KEY_A 0;0 0;0
7726 KEY_A 0;0 0;0
7728 KEY_A 0;0 0;0
7730 KEY_A 0;0 0;0
7732 KEY_A 0;0 0;0
7734 KEY_A 0;0 0;0
7736 KEY_A 0;0 0;0
7738 KEY_A 0;0 0;0
7740 KEY_A 0;0 0;0
7742 KEY_A 0;0 0;0
7744 KEY_A 0;0 0;0
7746 KEY_A 0;0 0;0
7748 KEY_A 0;0 0;0
7750 KEY_A 0;0 0;0
7752 KEY_A 0;0 0;0
7754 KEY_A 0;0 0;0
7756 KEY_A 0;0 0;0
7758 KEY_A 0;0 0;0
7760 KEY_A 0;0 0;0
7762 KEY_A 0;0 0;0
7764 KEY_A 0;0 0;0
7766 KEY_A 0;0 0;0
7768 KEY_A 0;0 0;0
7770 KEY_A 0;0 0;0
7772 KEY_A 0;0 0;0
7774 KEY_A 0;0 0;0
7776 KEY_A 0;0 0;0
7778 KEY_A 0;0 0;0
7780 KEY_A 0;0 0;0
7782 KEY_A 0;0 0;0
7784 KEY_A 0;0 0;0
7786 KEY_A 0;0 0;0
7788 KEY_A 0;0 0;0
7790 KEY_A 0;0 0;0
7792 KEY_A 0;0 0;0
7794 KEY_A 0;0 0;0
7796 KEY_A 0;0 0;0
7798 KEY_A 0;0 0;0
7800 KEY_A 0;0 0;0
7802 KEY_A 0;0 0;0
7804 KEY_A 0;0 0;0
7806 KEY_A 0;0 0;0
7808 KEY_A 0;0 0;0
7810 KEY_A 0;0 0;0
7812 KEY_A 0;0 0;0
7814 KEY_A 0;0 0;0
7816 KEY_A 0;0 0;0
7818 KEY_A 0;0 0;0
7820 KEY_A 0;0 0;0
7822 KEY_A 0;0 0;0
7824 KEY_A 0;0 0;0
7826 KEY_A 0;0 0;0
7828 KEY_A 0;0 0;0
7830 KEY_A 0;0 0;0
7832 KEY_A 0;0 0;0
7834 KEY_A 0;0 0;0
7836 KEY_A 0;0 0;0
7838 KEY_A 0;0 0;0
7840 KEY_A 0;0 0;0
7842 KEY_A 0;0 0;0
7844 KEY_A 0;0 0;0
7846 KEY_A 0;0 0;0
7848 KEY_A 0;0 0;0
7850 KEY_A 0;0 0;0
7852 KEY_A 0;0 0;0
7854 KEY_A 0;0 0;0
7856 KEY_A 0;0 0;0
7858 KEY_A 0;0 0;0
7860 KEY_A 0;0 0;0
7862 KEY_A 0;0 0;0
7864 KEY_A 0;0 0;0
7866 KEY_A 0;0 0;0
7868 KEY_A 0;0 0;0
7870 KEY_A 0;0 0;0
7872 KEY_A 0;0 0;0
7874 KEY_A 0;0 0;0
7876 KEY_A 0;0 0;0
7878 KEY_A 0;0 0;0
7880 KEY_A 0;0 0;0
7882 KEY_A 0;0 0;0
7884 KEY_A 0;0 0;0
7886 KEY_A 0;0 0;0
7888 KEY_A 0;0 0;0
7890 KEY_A 0;0 0;0
7892 KEY_A 0;0 0;0
7894 KEY_A 0;0 0;0
7896 KEY_A 0;0 0;0
7898 KEY_A 0;0 0;0
7900 KEY_A 0;0 0;0
7902 KEY_A 0;0 0;0
7904 KEY_A 0;0 0;0
7906 KEY_A 0;0 0;0
7908 KEY_A 0;0 0;0
7910 KEY_A 0;0 0;0
7912 KEY_A 0;0 0;0
7914 KEY_A 0;0 0;0
7916 KEY_A 0;0 0;0
7918 KEY_A 0;0 0;0
7920 KEY_A 0;0 0;0
7922 KEY_A 0;0 0;0
7924 KEY_A 0;0 0;0
7926 KEY_A 0;0 0;0
7928 KEY_A 0;0 0;0
7930 KEY_A 0;0 0;0
7932 KEY_A 0;0 0;0
7934 KEY_A 0;0 0;0
7936 KEY_A 0;0 0;0
7938 KEY_A 0;0 0;0
7940 KEY_A 0;0 0;0
7942 KEY_A 0;0 0;0
7944 KEY_A 0;0 0;0
7946 KEY_A 0;0 0;0
7948 KEY_A 0;0 0;0
7950 KEY_A 0;0 0;0
7952 KEY_A 0;0 0;0
7954 KEY_A 0;0 0;0
7956 KEY_A 0;0 0;0
7958 KEY_A 0;0 0;0
7960 KEY_A 0;0 0;0
7962 KEY_A 0;0 0;0
7964 KEY_A 0;0 0;0
7966 KEY_A 0;0 0;0
7968 KEY_A 0;0 0;0
7970 KEY_A 0;0 0;0
7972 KEY_A 0;0 0;0
7974 KEY_A 0;0 0;0
7976 KEY_A 0;0 0;0
7978 KEY_A 0;0 0;0
7980 KEY_A 0;0 0;0
7982 KEY_A 0;0 0;0
7984 KEY_A 0;0 0;0
7986 KEY_A 0;0 0;0
7988 KEY_A 0;0 0;0
7990 KEY_A 0;0 0;0
7992 KEY_A 0;0 0;0
7994 KEY_A 0;0 0;0
7996 KEY_A 0;0 0;0
7998 KEY_A 0;0 0;0
8000 KEY_A 0;0 0;0
8002 KEY_A 0;0 0;0
8004 KEY_A 0;0 0;0
8006 KEY_A 0;0 0;0
8008 KEY_A 0;0 0;0
8010 KEY_A 0;0 0;0
8012 KEY_A 0;0 0;0
8014 KEY_A 0;0 0;0
8016 KEY_A 0;0 0;0
8018 KEY_A 0;0 0;0
8020 KEY_A 0;0 0;0
8022 KEY_A 0;0 0;0
8024 KEY_A 0;0 0;0
8026 KEY_A 0;0 0;0
8028 KEY_A 0;0 0;0
8030 KEY_A 0;0 0;0
8032 KEY_A 0;0 0;0
8034 KEY_A 0;0 0;0
8036 KEY_A 0;0 0;0
8038 KEY_A 0;0 0;0
8040 KEY_A 0;0 0;0
8042 KEY_A 0;0 0;0
8044 KEY_A 0;0 0;0
8046 KEY_A 0;0 0;0
8048 KEY_A 0;0 0;0
8050 KEY_A 0;0 0;0
8052 KEY_A 0;0 0;0
8054 KEY_A 0;0 0;0
8056 KEY_A 0;0 0;0
8058 KEY_A 0;0 0;0
8060 KEY_A 0;0 0;0
8062 KEY_A 0;0 0;0
8064 KEY_A 0;0 0;0
8066 KEY_A 0;0 0;0
8068 KEY_A 0;0 0;0
8070 KEY_A 0;0 0;0
8072 KEY_A 0;0 0;0
8074 KEY_A 0;0 0;0
8076 KEY_A 0;0 0;0
8078 KEY_A 0;0 0;0
8080 KEY_A 0;0 0;0
8082 KEY_A 0;0 0;0
8084 KEY_A 0;0 0;0
8086 KEY_A 0;0 0;0
8088 KEY_A 0;0 0;0
8090 KEY_A 0;0 0;0
8092 KEY_A 0;0 0;0
8094 KEY_A 0;0 0;0
8096 KEY_A 0;0 0;0
8098 KEY_A 0;0 0;0
8100 KEY_A 0;0 0;0
8102 KEY_A 0;0 0;0
8104 KEY_A 0;0 0;0
8106 KEY_A 0;0 0;0
8108 KEY_A 0;0 0;0
8110 KEY_A 0;0 0;0
8112 KEY_A 0;0 0;0
8114 KEY_A 0;0 0;0
8116 KEY_A 0;0 0;0
8118 KEY_A 0;0 0;0
8120 KEY_A 0;0 0;0
8122 KEY_A 0;0 0;0
8124 KEY_A 0;0 0;0
8126 KEY_A 0;0 0;0
8128 KEY_A 0;0 0;0
8130 KEY_A 0;0 0;0
8132 KEY_A 0;0 0;0
8134 KEY_A 0;0 0;0
8136 KEY_A 0;0 0;0
8138 KEY_A 0;0 0;0
8140 KEY_A 0;0 0;0
8142 KEY_A 0;0 0;0
8144 KEY_A 0;0 0;0
8146 KEY_A 0;0 0;0
8148 KEY_A 0;0 0;0
8150 KEY_A 0;0 0;0
8152 KEY_A 0;0 0;0
8154 KEY_A 0;0 0;0
8156 KEY_A 0;0 0;0
8158 KEY_A 0;0 0;0
8160 KEY_A 0;0 0;0
8162 KEY_A 0;0 0;0
8164 KEY_A 0;0 0;0
8166 KEY_A 0;0 0;0
8168 KEY_A 0;0 0;0
8170 KEY_A 0;0 0;0
8172 KEY_A 0;0 0;0
8174 KEY_A 0;0 0;0
8176 KEY_A 0;0 0;0
8178 KEY_A 0;0 0;0
8180 KEY_A 0;0 0;0
8182 KEY_A 0;0 0;0
8184 KEY_A 0;0 0;0
8186 KEY_A 0;0 0;0
8188 KEY_A 0;0 0;0
8190 KEY_A 0;0 0;0
8192 KEY_A 0;0 0;0
8194 KEY_A 0;0 0;0
8196 KEY_A 0;0 0;0
8198 KEY_A 0;0 0;0
8200 KEY_A 0;0 0;0
8202 KEY_A 0;0 0;0
8204 KEY_A 0;0 0;0
8206 KEY_A 0;0 0;0
8208 KEY_A 0;0 0;0
8210 KEY_A 0;0 0;0
8212 KEY_A 0;0 0;0
8214 KEY_A 0;0 0;0
8216 KEY_A 0;0 0;0
8218 KEY_A 0;0 0;0
8220 KEY_A 0;0 0;0
8222 KEY_A 0;0 0;0
8224 KEY_A 0;0 0;0
8226 KEY_A 0;0 0;0
8228 KEY_A 0;0 0;0
8230 KEY_A 0;0 0;0
8232 KEY_A 0;0 0;0
8234 KEY_A 0;0 0;0
8236 KEY_A 0;0 0;0
8238 KEY_A 0;0 0;0
8240 KEY_A 0;0 0;0
8242 KEY_A 0;0 0;0
8244 KEY_A 0;0 0;0
8246 KEY_A 0;0 0;0
8248 KEY_A 0;0 0;0
8250 KEY_A 0;0 0;0
8252 KEY_A 0;0 0;0
8254 KEY_A 0;0 0;0
8256 KEY_A 0;0 0;0
8258 KEY_A 0;0 0;0
17461 KEY_A 0;0 0;0
