0 NONE 32767;0 0;0
1 NONE 32767;0 0;0
2 NONE 32767;0 0;0
3 NONE 32767;0 0;0
4 NONE 32767;0 0;0
6 KEY_A 0;0 0;0
235 KEY_A 0;0 0;0
455 KEY_A 0;0 0;0
457 KEY_A 0;0 0;0
459 KEY_A 0;0 0;0
461 KEY_A 0;0 0;0
463 KEY_A 0;0 0;0
465 KEY_A 0;0 0;0
467 KEY_A 0;0 0;0
469 KEY_A 0;0 0;0
471 KEY_A 0;0 0;0
473 KEY_A 0;0 0;0
475 KEY_A 0;0 0;0
477 KEY_A 0;0 0;0
479 KEY_A 0;0 0;0
481 KEY_A 0;0 0;0
483 KEY_A 0;0 0;0
485 KEY_A 0;0 0;0
487 KEY_A 0;0 0;0
489 KEY_A 0;0 0;0
491 KEY_A 0;0 0;0
493 KEY_A 0;0 0;0
495 KEY_A 0;0 0;0
497 KEY_A 0;0 0;0
499 KEY_A 0;0 0;0
501 KEY_A 0;0 0;0
503 KEY_A 0;0 0;0
505 KEY_A 0;0 0;0
507 KEY_A 0;0 0;0
509 KEY_A 0;0 0;0
511 KEY_A 0;0 0;0
513 KEY_A 0;0 0;0
515 KEY_A 0;0 0;0
517 KEY_A 0;0 0;0
519 KEY_A 0;0 0;0
521 KEY_A 0;0 0;0
523 KEY_A 0;0 0;0
525 KEY_A 0;0 0;0
527 KEY_A 0;0 0;0
529 KEY_A 0;0 0;0
531 KEY_A 0;0 0;0
533 KEY_A 0;0 0;0
535 KEY_A 0;0 0;0
537 KEY_A 0;0 0;0
539 KEY_A 0;0 0;0
541 KEY_A 0;0 0;0
543 KEY_A 0;0 0;0
545 KEY_A 0;0 0;0
547 KEY_A 0;0 0;0
549 KEY_A 0;0 0;0
551 KEY_A 0;0 0;0
553 KEY_A 0;0 0;0
555 KEY_A 0;0 0;0
557 KEY_A 0;0 0;0
559 KEY_A 0;0 0;0
561 KEY_A 0;0 0;0
563 KEY_A 0;0 0;0
565 KEY_A 0;0 0;0
567 KEY_A 0;0 0;0
569 KEY_A 0;0 0;0
571 KEY_A 0;0 0;0
573 KEY_A 0;0 0;0
575 KEY_A 0;0 0;0
577 KEY_A 0;0 0;0
579 KEY_A 0;0 0;0
581 KEY_A 0;0 0;0
583 KEY_A 0;0 0;0
585 KEY_A 0;0 0;0
587 KEY_A 0;0 0;0
589 KEY_A 0;0 0;0
591 KEY_A 0;0 0;0
593 KEY_A 0;0 0;0
595 KEY_A 0;0 0;0
597 KEY_A 0;0 0;0
599 KEY_A 0;0 0;0
601 KEY_A 0;0 0;0
603 KEY_A 0;0 0;0
605 KEY_A 0;0 0;0
607 KEY_A 0;0 0;0
609 KEY_A 0;0 0;0
611 KEY_A 0;0 0;0
613 KEY_A 0;0 0;0
615 KEY_A 0;0 0;0
617 KEY_A 0;0 0;0
619 KEY_A 0;0 0;0
621 KEY_A 0;0 0;0
623 KEY_A 0;0 0;0
625 KEY_A 0;0 0;0
627 KEY_A 0;0 0;0
629 KEY_A 0;0 0;0
631 KEY_A 0;0 0;0
633 KEY_A 0;0 0;0
635 KEY_A 0;0 0;0
637 KEY_A 0;0 0;0
639 KEY_A 0;0 0;0
641 KEY_A 0;0 0;0
643 KEY_A 0;0 0;0
645 KEY_A 0;0 0;0
647 KEY_A 0;0 0;0
649 KEY_A 0;0 0;0
651 KEY_A 0;0 0;0
653 KEY_A 0;0 0;0
655 KEY_A 0;0 0;0
657 KEY_A 0;0 0;0
659 KEY_A 0;0 0;0
661 KEY_A 0;0 0;0
663 KEY_A 0;0 0;0
665 KEY_A 0;0 0;0
667 KEY_A 0;0 0;0
669 KEY_A 0;0 0;0
671 KEY_A 0;0 0;0
673 KEY_A 0;0 0;0
675 KEY_A 0;0 0;0
677 KEY_A 0;0 0;0
679 KEY_A 0;0 0;0
681 KEY_A 0;0 0;0
683 KEY_A 0;0 0;0
685 KEY_A 0;0 0;0
687 KEY_A 0;0 0;0
689 KEY_A 0;0 0;0
691 KEY_A 0;0 0;0
693 KEY_A 0;0 0;0
695 KEY_A 0;0 0;0
697 KEY_A 0;0 0;0
699 KEY_A 0;0 0;0
701 KEY_A 0;0 0;0
703 KEY_A 0;0 0;0
705 KEY_A 0;0 0;0
707 KEY_A 0;0 0;0
709 KEY_A 0;0 0;0
711 KEY_A 0;0 0;0
713 KEY_A 0;0 0;0
715 KEY_A 0;0 0;0
717 KEY_A 0;0 0;0
719 KEY_A 0;0 0;0
721 KEY_A 0;0 0;0
723 KEY_A 0;0 0;0
725 KEY_A 0;0 0;0
727 KEY_A 0;0 0;0
729 KEY_A 0;0 0;0
731 KEY_A 0;0 0;0
733 KEY_A 0;0 0;0
735 KEY_A 0;0 0;0
737 KEY_A 0;0 0;0
739 KEY_A 0;0 0;0
741 KEY_A 0;0 0;0
743 KEY_A 0;0 0;0
745 KEY_A 0;0 0;0
747 KEY_A 0;0 0;0
749 KEY_A 0;0 0;0
751 KEY_A 0;0 0;0
753 KEY_A 0;0 0;0
755 KEY_A 0;0 0;0
757 KEY_A 0;0 0;0
759 KEY_A 0;0 0;0
812 KEY_X 0;0 0;0
927 KEY_Y 0;0 0;0
